v2	V(ds)	I(R1)
0.000000000000000e+000	-1.088086e-010	1.026496e-013
1.000000000000000e-002	1.438536e-003	8.076853e-006
2.000000000000000e-002	2.878342e-003	1.615251e-005
3.000000000000000e-002	4.318467e-003	2.422786e-005
4.000000000000000e-002	5.759229e-003	3.230261e-005
5.000000000000000e-002	7.200630e-003	4.037676e-005
6.000000000000001e-002	8.642670e-003	4.845031e-005
7.000000000000001e-002	1.008535e-002	5.652325e-005
8.000000000000000e-002	1.152867e-002	6.459560e-005
9.000000000000000e-002	1.297263e-002	7.266733e-005
9.999999999999999e-002	1.441724e-002	8.073846e-005
1.100000000000000e-001	1.586248e-002	8.880898e-005
1.200000000000000e-001	1.730838e-002	9.687889e-005
1.300000000000000e-001	1.875491e-002	1.049482e-004
1.400000000000000e-001	2.020210e-002	1.130169e-004
1.500000000000000e-001	2.164993e-002	1.210850e-004
1.600000000000000e-001	2.309840e-002	1.291525e-004
1.700000000000000e-001	2.454753e-002	1.372193e-004
1.800000000000000e-001	2.599731e-002	1.452856e-004
1.900000000000000e-001	2.744773e-002	1.533512e-004
2.000000000000000e-001	2.889881e-002	1.614162e-004
2.100000000000001e-001	3.035054e-002	1.694806e-004
2.200000000000001e-001	3.180292e-002	1.775444e-004
2.300000000000001e-001	3.325596e-002	1.856076e-004
2.400000000000001e-001	3.470965e-002	1.936701e-004
2.500000000000001e-001	3.616400e-002	2.017321e-004
2.600000000000001e-001	3.761900e-002	2.097934e-004
2.700000000000001e-001	3.907466e-002	2.178541e-004
2.800000000000001e-001	4.053098e-002	2.259142e-004
2.900000000000001e-001	4.198796e-002	2.339736e-004
3.000000000000001e-001	4.344561e-002	2.420324e-004
3.100000000000001e-001	4.490390e-002	2.500907e-004
3.200000000000001e-001	4.636287e-002	2.581482e-004
3.300000000000001e-001	4.782249e-002	2.662052e-004
3.400000000000001e-001	4.928278e-002	2.742615e-004
3.500000000000001e-001	5.074374e-002	2.823172e-004
3.600000000000002e-001	5.220536e-002	2.903723e-004
3.700000000000002e-001	5.366765e-002	2.984267e-004
3.800000000000002e-001	5.513060e-002	3.064806e-004
3.900000000000002e-001	5.659422e-002	3.145337e-004
4.000000000000002e-001	5.805852e-002	3.225863e-004
4.100000000000002e-001	5.952348e-002	3.306382e-004
4.200000000000002e-001	6.098912e-002	3.386895e-004
4.300000000000002e-001	6.245542e-002	3.467402e-004
4.400000000000002e-001	6.392240e-002	3.547902e-004
4.500000000000002e-001	6.539006e-002	3.628396e-004
4.600000000000002e-001	6.685838e-002	3.708883e-004
4.700000000000003e-001	6.832739e-002	3.789364e-004
4.800000000000003e-001	6.979707e-002	3.869839e-004
4.900000000000003e-001	7.126743e-002	3.950307e-004
5.000000000000002e-001	7.273847e-002	4.030769e-004
5.100000000000002e-001	7.421019e-002	4.111225e-004
5.200000000000002e-001	7.568259e-002	4.191674e-004
5.300000000000003e-001	7.715567e-002	4.272116e-004
5.400000000000003e-001	7.862943e-002	4.352553e-004
5.500000000000003e-001	8.010388e-002	4.432982e-004
5.600000000000003e-001	8.157901e-002	4.513405e-004
5.700000000000003e-001	8.305483e-002	4.593822e-004
5.800000000000003e-001	8.453134e-002	4.674233e-004
5.900000000000003e-001	8.600853e-002	4.754637e-004
6.000000000000003e-001	8.748641e-002	4.835034e-004
6.100000000000003e-001	8.896498e-002	4.915425e-004
6.200000000000003e-001	9.044424e-002	4.995809e-004
6.300000000000003e-001	9.192419e-002	5.076187e-004
6.400000000000004e-001	9.340484e-002	5.156558e-004
6.500000000000004e-001	9.488618e-002	5.236923e-004
6.600000000000004e-001	9.636821e-002	5.317281e-004
6.700000000000004e-001	9.785093e-002	5.397632e-004
6.800000000000004e-001	9.933436e-002	5.477978e-004
6.900000000000004e-001	1.008185e-001	5.558316e-004
7.000000000000004e-001	1.023033e-001	5.638648e-004
7.100000000000004e-001	1.037888e-001	5.718974e-004
7.200000000000004e-001	1.052750e-001	5.799292e-004
7.300000000000004e-001	1.067620e-001	5.879604e-004
7.400000000000004e-001	1.082496e-001	5.959910e-004
7.500000000000004e-001	1.097379e-001	6.040208e-004
7.600000000000005e-001	1.112269e-001	6.120501e-004
7.700000000000005e-001	1.127167e-001	6.200786e-004
7.800000000000005e-001	1.142071e-001	6.281065e-004
7.900000000000005e-001	1.156983e-001	6.361337e-004
8.000000000000005e-001	1.171901e-001	6.441603e-004
8.100000000000005e-001	1.186827e-001	6.521861e-004
8.200000000000005e-001	1.201760e-001	6.602114e-004
8.300000000000005e-001	1.216700e-001	6.682359e-004
8.400000000000005e-001	1.231647e-001	6.762597e-004
8.500000000000005e-001	1.246601e-001	6.842829e-004
8.600000000000005e-001	1.261562e-001	6.923054e-004
8.700000000000006e-001	1.276531e-001	7.003273e-004
8.800000000000006e-001	1.291506e-001	7.083485e-004
8.900000000000006e-001	1.306489e-001	7.163690e-004
9.000000000000006e-001	1.321479e-001	7.243888e-004
9.100000000000006e-001	1.336476e-001	7.324079e-004
9.200000000000006e-001	1.351481e-001	7.404264e-004
9.300000000000006e-001	1.366492e-001	7.484441e-004
9.400000000000006e-001	1.381511e-001	7.564612e-004
9.500000000000006e-001	1.396537e-001	7.644776e-004
9.600000000000006e-001	1.411571e-001	7.724933e-004
9.700000000000006e-001	1.426611e-001	7.805084e-004
9.800000000000007e-001	1.441659e-001	7.885227e-004
9.900000000000007e-001	1.456714e-001	7.965364e-004
1.000000000000001e+000	1.471777e-001	8.045494e-004
1.010000000000001e+000	1.486847e-001	8.125617e-004
1.020000000000001e+000	1.501924e-001	8.205732e-004
1.030000000000001e+000	1.517008e-001	8.285841e-004
1.040000000000001e+000	1.532100e-001	8.365944e-004
1.050000000000001e+000	1.547199e-001	8.446039e-004
1.060000000000001e+000	1.562305e-001	8.526127e-004
1.070000000000001e+000	1.577419e-001	8.606208e-004
1.080000000000001e+000	1.592540e-001	8.686283e-004
1.090000000000001e+000	1.607669e-001	8.766350e-004
1.100000000000001e+000	1.622805e-001	8.846410e-004
1.110000000000001e+000	1.637948e-001	8.926464e-004
1.120000000000001e+000	1.653099e-001	9.006510e-004
1.130000000000001e+000	1.668258e-001	9.086549e-004
1.140000000000001e+000	1.683423e-001	9.166582e-004
1.150000000000001e+000	1.698596e-001	9.246607e-004
1.160000000000001e+000	1.713777e-001	9.326625e-004
1.170000000000001e+000	1.728965e-001	9.406637e-004
1.180000000000001e+000	1.744161e-001	9.486641e-004
1.190000000000001e+000	1.759364e-001	9.566638e-004
1.200000000000001e+000	1.774575e-001	9.646628e-004
1.210000000000001e+000	1.789793e-001	9.726611e-004
1.220000000000001e+000	1.805018e-001	9.806587e-004
1.230000000000001e+000	1.820252e-001	9.886555e-004
1.240000000000001e+000	1.835493e-001	9.966516e-004
1.250000000000001e+000	1.850741e-001	1.004647e-003
1.260000000000001e+000	1.865997e-001	1.012642e-003
1.270000000000001e+000	1.881260e-001	1.020636e-003
1.280000000000001e+000	1.896532e-001	1.028629e-003
1.290000000000001e+000	1.911810e-001	1.036622e-003
1.300000000000001e+000	1.927097e-001	1.044614e-003
1.310000000000001e+000	1.942391e-001	1.052605e-003
1.320000000000001e+000	1.957693e-001	1.060595e-003
1.330000000000001e+000	1.973002e-001	1.068585e-003
1.340000000000001e+000	1.988319e-001	1.076574e-003
1.350000000000001e+000	2.003644e-001	1.084562e-003
1.360000000000001e+000	2.018976e-001	1.092549e-003
1.370000000000001e+000	2.034316e-001	1.100536e-003
1.380000000000001e+000	2.049664e-001	1.108522e-003
1.390000000000001e+000	2.065020e-001	1.116508e-003
1.400000000000001e+000	2.080383e-001	1.124492e-003
1.410000000000001e+000	2.095754e-001	1.132476e-003
1.420000000000001e+000	2.111133e-001	1.140459e-003
1.430000000000001e+000	2.126520e-001	1.148442e-003
1.440000000000001e+000	2.141914e-001	1.156423e-003
1.450000000000001e+000	2.157316e-001	1.164404e-003
1.460000000000001e+000	2.172726e-001	1.172384e-003
1.470000000000001e+000	2.188144e-001	1.180364e-003
1.480000000000001e+000	2.203570e-001	1.188342e-003
1.490000000000001e+000	2.219004e-001	1.196320e-003
1.500000000000001e+000	2.234445e-001	1.204298e-003
1.510000000000001e+000	2.249894e-001	1.212274e-003
1.520000000000001e+000	2.265352e-001	1.220250e-003
1.530000000000001e+000	2.280817e-001	1.228225e-003
1.540000000000001e+000	2.296290e-001	1.236199e-003
1.550000000000001e+000	2.311771e-001	1.244173e-003
1.560000000000001e+000	2.327260e-001	1.252145e-003
1.570000000000001e+000	2.342757e-001	1.260117e-003
1.580000000000001e+000	2.358261e-001	1.268089e-003
1.590000000000001e+000	2.373774e-001	1.276059e-003
1.600000000000001e+000	2.389295e-001	1.284029e-003
1.610000000000001e+000	2.404824e-001	1.291998e-003
1.620000000000001e+000	2.420360e-001	1.299966e-003
1.630000000000001e+000	2.435905e-001	1.307933e-003
1.640000000000001e+000	2.451458e-001	1.315900e-003
1.650000000000001e+000	2.467019e-001	1.323866e-003
1.660000000000001e+000	2.482588e-001	1.331831e-003
1.670000000000001e+000	2.498165e-001	1.339796e-003
1.680000000000001e+000	2.513750e-001	1.347759e-003
1.690000000000001e+000	2.529343e-001	1.355722e-003
1.700000000000001e+000	2.544945e-001	1.363684e-003
1.710000000000001e+000	2.560554e-001	1.371646e-003
1.720000000000001e+000	2.576172e-001	1.379606e-003
1.730000000000001e+000	2.591798e-001	1.387566e-003
1.740000000000001e+000	2.607432e-001	1.395525e-003
1.750000000000001e+000	2.623074e-001	1.403484e-003
1.760000000000001e+000	2.638724e-001	1.411441e-003
1.770000000000001e+000	2.654383e-001	1.419398e-003
1.780000000000001e+000	2.670049e-001	1.427354e-003
1.790000000000001e+000	2.685724e-001	1.435309e-003
1.800000000000001e+000	2.701408e-001	1.443263e-003
1.810000000000001e+000	2.717099e-001	1.451217e-003
1.820000000000001e+000	2.732799e-001	1.459170e-003
1.830000000000001e+000	2.748507e-001	1.467122e-003
1.840000000000001e+000	2.764224e-001	1.475073e-003
1.850000000000001e+000	2.779948e-001	1.483024e-003
1.860000000000001e+000	2.795681e-001	1.490974e-003
1.870000000000001e+000	2.811422e-001	1.498922e-003
1.880000000000001e+000	2.827172e-001	1.506871e-003
1.890000000000002e+000	2.842930e-001	1.514818e-003
1.900000000000002e+000	2.858697e-001	1.522764e-003
1.910000000000002e+000	2.874471e-001	1.530710e-003
1.920000000000002e+000	2.890255e-001	1.538655e-003
1.930000000000002e+000	2.906046e-001	1.546599e-003
1.940000000000002e+000	2.921846e-001	1.554543e-003
1.950000000000002e+000	2.937655e-001	1.562485e-003
1.960000000000002e+000	2.953472e-001	1.570427e-003
1.970000000000002e+000	2.969297e-001	1.578368e-003
1.980000000000002e+000	2.985131e-001	1.586308e-003
1.990000000000002e+000	3.000973e-001	1.594248e-003
2.000000000000001e+000	3.016824e-001	1.602186e-003
2.010000000000001e+000	3.032684e-001	1.610124e-003
2.020000000000001e+000	3.048552e-001	1.618061e-003
2.030000000000001e+000	3.064429e-001	1.625997e-003
2.040000000000001e+000	3.080314e-001	1.633933e-003
2.050000000000000e+000	3.096208e-001	1.641867e-003
2.060000000000000e+000	3.112110e-001	1.649801e-003
2.070000000000000e+000	3.128021e-001	1.657734e-003
2.080000000000000e+000	3.143941e-001	1.665666e-003
2.089999999999999e+000	3.159869e-001	1.673597e-003
2.099999999999999e+000	3.175806e-001	1.681528e-003
2.109999999999999e+000	3.191751e-001	1.689457e-003
2.119999999999999e+000	3.207705e-001	1.697386e-003
2.129999999999999e+000	3.223668e-001	1.705314e-003
2.139999999999998e+000	3.239640e-001	1.713242e-003
2.149999999999998e+000	3.255620e-001	1.721168e-003
2.159999999999998e+000	3.271610e-001	1.729093e-003
2.169999999999998e+000	3.287607e-001	1.737018e-003
2.179999999999998e+000	3.303614e-001	1.744942e-003
2.189999999999997e+000	3.319629e-001	1.752865e-003
2.199999999999997e+000	3.335654e-001	1.760787e-003
2.209999999999997e+000	3.351687e-001	1.768709e-003
2.219999999999997e+000	3.367729e-001	1.776629e-003
2.229999999999996e+000	3.383780e-001	1.784549e-003
2.239999999999996e+000	3.399839e-001	1.792468e-003
2.249999999999996e+000	3.415908e-001	1.800386e-003
2.259999999999996e+000	3.431985e-001	1.808303e-003
2.269999999999996e+000	3.448071e-001	1.816220e-003
2.279999999999995e+000	3.464166e-001	1.824135e-003
2.289999999999995e+000	3.480271e-001	1.832050e-003
2.299999999999995e+000	3.496383e-001	1.839964e-003
2.309999999999995e+000	3.512506e-001	1.847877e-003
2.319999999999995e+000	3.528637e-001	1.855789e-003
2.329999999999994e+000	3.544777e-001	1.863700e-003
2.339999999999994e+000	3.560926e-001	1.871611e-003
2.349999999999994e+000	3.577084e-001	1.879520e-003
2.359999999999994e+000	3.593251e-001	1.887429e-003
2.369999999999993e+000	3.609427e-001	1.895337e-003
2.379999999999993e+000	3.625612e-001	1.903244e-003
2.389999999999993e+000	3.641807e-001	1.911150e-003
2.399999999999993e+000	3.658010e-001	1.919056e-003
2.409999999999993e+000	3.674223e-001	1.926960e-003
2.419999999999992e+000	3.690444e-001	1.934864e-003
2.429999999999992e+000	3.706675e-001	1.942766e-003
2.439999999999992e+000	3.722915e-001	1.950668e-003
2.449999999999992e+000	3.739164e-001	1.958570e-003
2.459999999999992e+000	3.755423e-001	1.966469e-003
2.469999999999991e+000	3.771690e-001	1.974369e-003
2.479999999999991e+000	3.787967e-001	1.982267e-003
2.489999999999991e+000	3.804253e-001	1.990165e-003
2.499999999999991e+000	3.820548e-001	1.998062e-003
2.509999999999991e+000	3.836853e-001	2.005957e-003
2.519999999999990e+000	3.853167e-001	2.013852e-003
2.529999999999990e+000	3.869490e-001	2.021746e-003
2.539999999999990e+000	3.885823e-001	2.029639e-003
2.549999999999990e+000	3.902164e-001	2.037532e-003
2.559999999999989e+000	3.918516e-001	2.045423e-003
2.569999999999989e+000	3.934876e-001	2.053314e-003
2.579999999999989e+000	3.951246e-001	2.061203e-003
2.589999999999989e+000	3.967625e-001	2.069092e-003
2.599999999999989e+000	3.984014e-001	2.076980e-003
2.609999999999988e+000	4.000413e-001	2.084867e-003
2.619999999999988e+000	4.016820e-001	2.092753e-003
2.629999999999988e+000	4.033237e-001	2.100638e-003
2.639999999999988e+000	4.049664e-001	2.108522e-003
2.649999999999988e+000	4.066100e-001	2.116406e-003
2.659999999999987e+000	4.082546e-001	2.124288e-003
2.669999999999987e+000	4.099001e-001	2.132170e-003
2.679999999999987e+000	4.115466e-001	2.140050e-003
2.689999999999987e+000	4.131941e-001	2.147930e-003
2.699999999999986e+000	4.148425e-001	2.155809e-003
2.709999999999986e+000	4.164918e-001	2.163687e-003
2.719999999999986e+000	4.181421e-001	2.171564e-003
2.729999999999986e+000	4.197934e-001	2.179440e-003
2.739999999999986e+000	4.214456e-001	2.187315e-003
2.749999999999985e+000	4.230989e-001	2.195190e-003
2.759999999999985e+000	4.247530e-001	2.203063e-003
2.769999999999985e+000	4.264082e-001	2.210936e-003
2.779999999999985e+000	4.280643e-001	2.218807e-003
2.789999999999985e+000	4.297214e-001	2.226678e-003
2.799999999999984e+000	4.313795e-001	2.234548e-003
2.809999999999984e+000	4.330386e-001	2.242416e-003
2.819999999999984e+000	4.346986e-001	2.250284e-003
2.829999999999984e+000	4.363596e-001	2.258151e-003
2.839999999999983e+000	4.380216e-001	2.266017e-003
2.849999999999983e+000	4.396846e-001	2.273883e-003
2.859999999999983e+000	4.413486e-001	2.281747e-003
2.869999999999983e+000	4.430135e-001	2.289610e-003
2.879999999999983e+000	4.446795e-001	2.297472e-003
2.889999999999982e+000	4.463465e-001	2.305334e-003
2.899999999999982e+000	4.480144e-001	2.313194e-003
2.909999999999982e+000	4.496833e-001	2.321054e-003
2.919999999999982e+000	4.513533e-001	2.328912e-003
2.929999999999982e+000	4.530242e-001	2.336770e-003
2.939999999999981e+000	4.546961e-001	2.344626e-003
2.949999999999981e+000	4.563691e-001	2.352482e-003
2.959999999999981e+000	4.580430e-001	2.360337e-003
2.969999999999981e+000	4.597180e-001	2.368191e-003
2.979999999999980e+000	4.613939e-001	2.376043e-003
2.989999999999980e+000	4.630709e-001	2.383895e-003
2.999999999999980e+000	4.647489e-001	2.391746e-003
3.009999999999980e+000	4.664278e-001	2.399596e-003
3.019999999999980e+000	4.681078e-001	2.407445e-003
3.029999999999979e+000	4.697889e-001	2.415294e-003
3.039999999999979e+000	4.714709e-001	2.423141e-003
3.049999999999979e+000	4.731540e-001	2.430987e-003
3.059999999999979e+000	4.748381e-001	2.438832e-003
3.069999999999979e+000	4.765232e-001	2.446676e-003
3.079999999999978e+000	4.782093e-001	2.454520e-003
3.089999999999978e+000	4.798965e-001	2.462362e-003
3.099999999999978e+000	4.815847e-001	2.470203e-003
3.109999999999978e+000	4.832739e-001	2.478044e-003
3.119999999999978e+000	4.849642e-001	2.485883e-003
3.129999999999977e+000	4.866555e-001	2.493721e-003
3.139999999999977e+000	4.883479e-001	2.501559e-003
3.149999999999977e+000	4.900412e-001	2.509395e-003
3.159999999999977e+000	4.917357e-001	2.517231e-003
3.169999999999976e+000	4.934311e-001	2.525065e-003
3.179999999999976e+000	4.951276e-001	2.532898e-003
3.189999999999976e+000	4.968252e-001	2.540731e-003
3.199999999999976e+000	4.985238e-001	2.548562e-003
3.209999999999976e+000	5.002235e-001	2.556393e-003
3.219999999999975e+000	5.019242e-001	2.564222e-003
3.229999999999975e+000	5.036260e-001	2.572051e-003
3.239999999999975e+000	5.053288e-001	2.579879e-003
3.249999999999975e+000	5.070328e-001	2.587705e-003
3.259999999999975e+000	5.087377e-001	2.595530e-003
3.269999999999974e+000	5.104437e-001	2.603355e-003
3.279999999999974e+000	5.121508e-001	2.611178e-003
3.289999999999974e+000	5.138590e-001	2.619001e-003
3.299999999999974e+000	5.155682e-001	2.626822e-003
3.309999999999973e+000	5.172785e-001	2.634643e-003
3.319999999999973e+000	5.189899e-001	2.642462e-003
3.329999999999973e+000	5.207024e-001	2.650281e-003
3.339999999999973e+000	5.224159e-001	2.658098e-003
3.349999999999973e+000	5.241305e-001	2.665915e-003
3.359999999999972e+000	5.258462e-001	2.673730e-003
3.369999999999972e+000	5.275630e-001	2.681544e-003
3.379999999999972e+000	5.292808e-001	2.689358e-003
3.389999999999972e+000	5.309998e-001	2.697170e-003
3.399999999999972e+000	5.327199e-001	2.704981e-003
3.409999999999971e+000	5.344410e-001	2.712792e-003
3.419999999999971e+000	5.361632e-001	2.720601e-003
3.429999999999971e+000	5.378866e-001	2.728409e-003
3.439999999999971e+000	5.396110e-001	2.736216e-003
3.449999999999970e+000	5.413365e-001	2.744022e-003
3.459999999999970e+000	5.430632e-001	2.751827e-003
3.469999999999970e+000	5.447909e-001	2.759631e-003
3.479999999999970e+000	5.465198e-001	2.767434e-003
3.489999999999970e+000	5.482497e-001	2.775236e-003
3.499999999999969e+000	5.499808e-001	2.783037e-003
3.509999999999969e+000	5.517129e-001	2.790837e-003
3.519999999999969e+000	5.534462e-001	2.798636e-003
3.529999999999969e+000	5.551807e-001	2.806433e-003
3.539999999999969e+000	5.569162e-001	2.814230e-003
3.549999999999968e+000	5.586529e-001	2.822026e-003
3.559999999999968e+000	5.603907e-001	2.829820e-003
3.569999999999968e+000	5.621296e-001	2.837614e-003
3.579999999999968e+000	5.638697e-001	2.845406e-003
3.589999999999967e+000	5.656108e-001	2.853197e-003
3.599999999999967e+000	5.673531e-001	2.860988e-003
3.609999999999967e+000	5.690966e-001	2.868777e-003
3.619999999999967e+000	5.708412e-001	2.876565e-003
3.629999999999967e+000	5.725870e-001	2.884352e-003
3.639999999999966e+000	5.743338e-001	2.892138e-003
3.649999999999966e+000	5.760818e-001	2.899923e-003
3.659999999999966e+000	5.778310e-001	2.907707e-003
3.669999999999966e+000	5.795813e-001	2.915489e-003
3.679999999999966e+000	5.813328e-001	2.923271e-003
3.689999999999965e+000	5.830854e-001	2.931051e-003
3.699999999999965e+000	5.848392e-001	2.938831e-003
3.709999999999965e+000	5.865942e-001	2.946609e-003
3.719999999999965e+000	5.883503e-001	2.954387e-003
3.729999999999965e+000	5.901076e-001	2.962163e-003
3.739999999999964e+000	5.918660e-001	2.969938e-003
3.749999999999964e+000	5.936256e-001	2.977712e-003
3.759999999999964e+000	5.953864e-001	2.985485e-003
3.769999999999964e+000	5.971483e-001	2.993256e-003
3.779999999999963e+000	5.989115e-001	3.001027e-003
3.789999999999963e+000	6.006758e-001	3.008796e-003
3.799999999999963e+000	6.024413e-001	3.016565e-003
3.809999999999963e+000	6.042079e-001	3.024332e-003
3.819999999999963e+000	6.059757e-001	3.032098e-003
3.829999999999962e+000	6.077448e-001	3.039863e-003
3.839999999999962e+000	6.095151e-001	3.047627e-003
3.849999999999962e+000	6.112865e-001	3.055390e-003
3.859999999999962e+000	6.130591e-001	3.063152e-003
3.869999999999962e+000	6.148329e-001	3.070912e-003
3.879999999999961e+000	6.166079e-001	3.078672e-003
3.889999999999961e+000	6.183841e-001	3.086430e-003
3.899999999999961e+000	6.201616e-001	3.094187e-003
3.909999999999961e+000	6.219402e-001	3.101943e-003
3.919999999999960e+000	6.237200e-001	3.109698e-003
3.929999999999960e+000	6.255011e-001	3.117452e-003
3.939999999999960e+000	6.272834e-001	3.125204e-003
3.949999999999960e+000	6.290669e-001	3.132956e-003
3.959999999999960e+000	6.308516e-001	3.140706e-003
3.969999999999959e+000	6.326375e-001	3.148455e-003
3.979999999999959e+000	6.344247e-001	3.156203e-003
3.989999999999959e+000	6.362131e-001	3.163950e-003
3.999999999999959e+000	6.380027e-001	3.171696e-003
4.009999999999959e+000	6.397935e-001	3.179440e-003
4.019999999999959e+000	6.415856e-001	3.187183e-003
4.029999999999959e+000	6.433789e-001	3.194926e-003
4.039999999999958e+000	6.451735e-001	3.202667e-003
4.049999999999958e+000	6.469693e-001	3.210406e-003
4.059999999999958e+000	6.487663e-001	3.218145e-003
4.069999999999958e+000	6.505647e-001	3.225882e-003
4.079999999999957e+000	6.523642e-001	3.233619e-003
4.089999999999957e+000	6.541650e-001	3.241354e-003
4.099999999999957e+000	6.559671e-001	3.249088e-003
4.109999999999957e+000	6.577704e-001	3.256820e-003
4.119999999999957e+000	6.595750e-001	3.264552e-003
4.129999999999956e+000	6.613808e-001	3.272282e-003
4.139999999999956e+000	6.631879e-001	3.280011e-003
4.149999999999956e+000	6.649963e-001	3.287739e-003
4.159999999999956e+000	6.668060e-001	3.295466e-003
4.169999999999956e+000	6.686169e-001	3.303192e-003
4.179999999999955e+000	6.704291e-001	3.310916e-003
4.189999999999955e+000	6.722426e-001	3.318639e-003
4.199999999999955e+000	6.740574e-001	3.326361e-003
4.209999999999955e+000	6.758735e-001	3.334082e-003
4.219999999999955e+000	6.776908e-001	3.341801e-003
4.229999999999954e+000	6.795094e-001	3.349519e-003
4.239999999999954e+000	6.813294e-001	3.357237e-003
4.249999999999954e+000	6.831506e-001	3.364952e-003
4.259999999999954e+000	6.849731e-001	3.372667e-003
4.269999999999953e+000	6.867970e-001	3.380380e-003
4.279999999999953e+000	6.886221e-001	3.388092e-003
4.289999999999953e+000	6.904486e-001	3.395803e-003
4.299999999999953e+000	6.922763e-001	3.403513e-003
4.309999999999953e+000	6.941054e-001	3.411221e-003
4.319999999999952e+000	6.959358e-001	3.418928e-003
4.329999999999952e+000	6.977675e-001	3.426634e-003
4.339999999999952e+000	6.996005e-001	3.434339e-003
4.349999999999952e+000	7.014349e-001	3.442043e-003
4.359999999999952e+000	7.032706e-001	3.449745e-003
4.369999999999951e+000	7.051076e-001	3.457446e-003
4.379999999999951e+000	7.069460e-001	3.465145e-003
4.389999999999951e+000	7.087857e-001	3.472844e-003
4.399999999999951e+000	7.106267e-001	3.480541e-003
4.409999999999950e+000	7.124690e-001	3.488237e-003
4.419999999999950e+000	7.143128e-001	3.495931e-003
4.429999999999950e+000	7.161579e-001	3.503625e-003
4.439999999999950e+000	7.180043e-001	3.511317e-003
4.449999999999950e+000	7.198521e-001	3.519007e-003
4.459999999999949e+000	7.217012e-001	3.526697e-003
4.469999999999949e+000	7.235517e-001	3.534385e-003
4.479999999999949e+000	7.254035e-001	3.542072e-003
4.489999999999949e+000	7.272568e-001	3.549758e-003
4.499999999999949e+000	7.291114e-001	3.557442e-003
4.509999999999948e+000	7.309674e-001	3.565125e-003
4.519999999999948e+000	7.328247e-001	3.572807e-003
4.529999999999948e+000	7.346835e-001	3.580487e-003
4.539999999999948e+000	7.365436e-001	3.588166e-003
4.549999999999947e+000	7.384051e-001	3.595844e-003
4.559999999999947e+000	7.402680e-001	3.603521e-003
4.569999999999947e+000	7.421323e-001	3.611196e-003
4.579999999999947e+000	7.439979e-001	3.618870e-003
4.589999999999947e+000	7.458650e-001	3.626542e-003
4.599999999999946e+000	7.477335e-001	3.634214e-003
4.609999999999946e+000	7.496034e-001	3.641884e-003
4.619999999999946e+000	7.514747e-001	3.649552e-003
4.629999999999946e+000	7.533474e-001	3.657219e-003
4.639999999999946e+000	7.552215e-001	3.664885e-003
4.649999999999945e+000	7.570971e-001	3.672550e-003
4.659999999999945e+000	7.589740e-001	3.680213e-003
4.669999999999945e+000	7.608524e-001	3.687875e-003
4.679999999999945e+000	7.627322e-001	3.695536e-003
4.689999999999944e+000	7.646134e-001	3.703195e-003
4.699999999999944e+000	7.664962e-001	3.710853e-003
4.709999999999944e+000	7.683803e-001	3.718509e-003
4.719999999999944e+000	7.702658e-001	3.726164e-003
4.729999999999944e+000	7.721528e-001	3.733818e-003
4.739999999999943e+000	7.740413e-001	3.741470e-003
4.749999999999943e+000	7.759312e-001	3.749121e-003
4.759999999999943e+000	7.778226e-001	3.756771e-003
4.769999999999943e+000	7.797154e-001	3.764420e-003
4.779999999999943e+000	7.816096e-001	3.772066e-003
4.789999999999942e+000	7.835054e-001	3.779712e-003
4.799999999999942e+000	7.854026e-001	3.787356e-003
4.809999999999942e+000	7.873012e-001	3.794999e-003
4.819999999999942e+000	7.892014e-001	3.802640e-003
4.829999999999942e+000	7.911031e-001	3.810280e-003
4.839999999999941e+000	7.930062e-001	3.817919e-003
4.849999999999941e+000	7.949107e-001	3.825556e-003
4.859999999999941e+000	7.968168e-001	3.833192e-003
4.869999999999941e+000	7.987244e-001	3.840826e-003
4.879999999999940e+000	8.006335e-001	3.848459e-003
4.889999999999940e+000	8.025441e-001	3.856091e-003
4.899999999999940e+000	8.044562e-001	3.863721e-003
4.909999999999940e+000	8.063698e-001	3.871349e-003
4.919999999999940e+000	8.082849e-001	3.878976e-003
4.929999999999939e+000	8.102015e-001	3.886602e-003
4.939999999999939e+000	8.121196e-001	3.894227e-003
4.949999999999939e+000	8.140392e-001	3.901850e-003
4.959999999999939e+000	8.159604e-001	3.909471e-003
4.969999999999939e+000	8.178831e-001	3.917092e-003
4.979999999999938e+000	8.198074e-001	3.924710e-003
4.989999999999938e+000	8.217332e-001	3.932327e-003
4.999999999999938e+000	8.236604e-001	3.939943e-003
5.009999999999938e+000	8.255893e-001	3.947557e-003
5.019999999999937e+000	8.275197e-001	3.955170e-003
5.029999999999937e+000	8.294517e-001	3.962781e-003
5.039999999999937e+000	8.313852e-001	3.970391e-003
5.049999999999937e+000	8.333203e-001	3.978000e-003
5.059999999999937e+000	8.352569e-001	3.985607e-003
5.069999999999936e+000	8.371951e-001	3.993212e-003
5.079999999999936e+000	8.391349e-001	4.000816e-003
5.089999999999936e+000	8.410762e-001	4.008419e-003
5.099999999999936e+000	8.430191e-001	4.016020e-003
5.109999999999936e+000	8.449636e-001	4.023619e-003
5.119999999999935e+000	8.469097e-001	4.031217e-003
5.129999999999935e+000	8.488574e-001	4.038814e-003
5.139999999999935e+000	8.508067e-001	4.046409e-003
5.149999999999935e+000	8.527576e-001	4.054002e-003
5.159999999999934e+000	8.547100e-001	4.061594e-003
5.169999999999934e+000	8.566641e-001	4.069185e-003
5.179999999999934e+000	8.586198e-001	4.076774e-003
5.189999999999934e+000	8.605771e-001	4.084361e-003
5.199999999999934e+000	8.625360e-001	4.091947e-003
5.209999999999933e+000	8.644965e-001	4.099532e-003
5.219999999999933e+000	8.664587e-001	4.107114e-003
5.229999999999933e+000	8.684225e-001	4.114696e-003
5.239999999999933e+000	8.703879e-001	4.122275e-003
5.249999999999933e+000	8.723550e-001	4.129854e-003
5.259999999999932e+000	8.743237e-001	4.137430e-003
5.269999999999932e+000	8.762941e-001	4.145006e-003
5.279999999999932e+000	8.782660e-001	4.152579e-003
5.289999999999932e+000	8.802397e-001	4.160151e-003
5.299999999999931e+000	8.822150e-001	4.167722e-003
5.309999999999931e+000	8.841920e-001	4.175290e-003
5.319999999999931e+000	8.861707e-001	4.182858e-003
5.329999999999931e+000	8.881510e-001	4.190424e-003
5.339999999999931e+000	8.901330e-001	4.197988e-003
5.349999999999930e+000	8.921167e-001	4.205551e-003
5.359999999999930e+000	8.941020e-001	4.213111e-003
5.369999999999930e+000	8.960891e-001	4.220671e-003
5.379999999999930e+000	8.980778e-001	4.228228e-003
5.389999999999930e+000	9.000683e-001	4.235785e-003
5.399999999999929e+000	9.020604e-001	4.243339e-003
5.409999999999929e+000	9.040543e-001	4.250892e-003
5.419999999999929e+000	9.060498e-001	4.258444e-003
5.429999999999929e+000	9.080471e-001	4.265993e-003
5.439999999999928e+000	9.100461e-001	4.273541e-003
5.449999999999928e+000	9.120468e-001	4.281088e-003
5.459999999999928e+000	9.140493e-001	4.288633e-003
5.469999999999928e+000	9.160535e-001	4.296176e-003
5.479999999999928e+000	9.180593e-001	4.303718e-003
5.489999999999927e+000	9.200670e-001	4.311258e-003
5.499999999999927e+000	9.220765e-001	4.318796e-003
5.509999999999927e+000	9.240876e-001	4.326332e-003
5.519999999999927e+000	9.261005e-001	4.333867e-003
5.529999999999927e+000	9.281152e-001	4.341401e-003
5.539999999999926e+000	9.301316e-001	4.348932e-003
5.549999999999926e+000	9.321498e-001	4.356463e-003
5.559999999999926e+000	9.341698e-001	4.363991e-003
5.569999999999926e+000	9.361916e-001	4.371517e-003
5.579999999999926e+000	9.382152e-001	4.379042e-003
5.589999999999925e+000	9.402405e-001	4.386566e-003
5.599999999999925e+000	9.422677e-001	4.394087e-003
5.609999999999925e+000	9.442966e-001	4.401607e-003
5.619999999999925e+000	9.463273e-001	4.409125e-003
5.629999999999924e+000	9.483598e-001	4.416642e-003
5.639999999999924e+000	9.503942e-001	4.424156e-003
5.649999999999924e+000	9.524304e-001	4.431670e-003
5.659999999999924e+000	9.544684e-001	4.439181e-003
5.669999999999924e+000	9.565082e-001	4.446690e-003
5.679999999999923e+000	9.585499e-001	4.454198e-003
5.689999999999923e+000	9.605934e-001	4.461704e-003
5.699999999999923e+000	9.626387e-001	4.469209e-003
5.709999999999923e+000	9.646860e-001	4.476711e-003
5.719999999999923e+000	9.667350e-001	4.484212e-003
5.729999999999922e+000	9.687859e-001	4.491712e-003
5.739999999999922e+000	9.708387e-001	4.499209e-003
5.749999999999922e+000	9.728933e-001	4.506704e-003
5.759999999999922e+000	9.749498e-001	4.514198e-003
5.769999999999921e+000	9.770082e-001	4.521690e-003
5.779999999999921e+000	9.790685e-001	4.529180e-003
5.789999999999921e+000	9.811307e-001	4.536669e-003
5.799999999999921e+000	9.831947e-001	4.544156e-003
5.809999999999921e+000	9.852607e-001	4.551641e-003
5.819999999999920e+000	9.873285e-001	4.559124e-003
5.829999999999920e+000	9.893984e-001	4.566605e-003
5.839999999999920e+000	9.914700e-001	4.574085e-003
5.849999999999920e+000	9.935436e-001	4.581563e-003
5.859999999999920e+000	9.956192e-001	4.589038e-003
5.869999999999919e+000	9.976966e-001	4.596513e-003
5.879999999999919e+000	9.997761e-001	4.603985e-003
5.889999999999919e+000	1.001857e+000	4.611455e-003
5.899999999999919e+000	1.003941e+000	4.618924e-003
5.909999999999918e+000	1.006026e+000	4.626391e-003
5.919999999999918e+000	1.008113e+000	4.633856e-003
5.929999999999918e+000	1.010202e+000	4.641319e-003
5.939999999999918e+000	1.012294e+000	4.648780e-003
5.949999999999918e+000	1.014387e+000	4.656239e-003
5.959999999999917e+000	1.016482e+000	4.663697e-003
5.969999999999917e+000	1.018579e+000	4.671152e-003
5.979999999999917e+000	1.020678e+000	4.678606e-003
5.989999999999917e+000	1.022779e+000	4.686058e-003
5.999999999999917e+000	1.024882e+000	4.693507e-003
6.009999999999916e+000	1.026987e+000	4.700955e-003
6.019999999999916e+000	1.029094e+000	4.708401e-003
6.029999999999916e+000	1.031204e+000	4.715846e-003
6.039999999999916e+000	1.033315e+000	4.723288e-003
6.049999999999915e+000	1.035428e+000	4.730728e-003
6.059999999999915e+000	1.037543e+000	4.738167e-003
6.069999999999915e+000	1.039660e+000	4.745604e-003
6.079999999999915e+000	1.041780e+000	4.753038e-003
6.089999999999915e+000	1.043901e+000	4.760471e-003
6.099999999999914e+000	1.046025e+000	4.767901e-003
6.109999999999914e+000	1.048150e+000	4.775330e-003
6.119999999999914e+000	1.050278e+000	4.782757e-003
6.129999999999914e+000	1.052408e+000	4.790181e-003
6.139999999999914e+000	1.054539e+000	4.797604e-003
6.149999999999913e+000	1.056673e+000	4.805025e-003
6.159999999999913e+000	1.058809e+000	4.812444e-003
6.169999999999913e+000	1.060947e+000	4.819861e-003
6.179999999999913e+000	1.063088e+000	4.827276e-003
6.189999999999913e+000	1.065230e+000	4.834689e-003
6.199999999999912e+000	1.067374e+000	4.842100e-003
6.209999999999912e+000	1.069521e+000	4.849508e-003
6.219999999999912e+000	1.071670e+000	4.856915e-003
6.229999999999912e+000	1.073821e+000	4.864320e-003
6.239999999999911e+000	1.075974e+000	4.871723e-003
6.249999999999911e+000	1.078129e+000	4.879124e-003
6.259999999999911e+000	1.080286e+000	4.886522e-003
6.269999999999911e+000	1.082446e+000	4.893919e-003
6.279999999999911e+000	1.084607e+000	4.901314e-003
6.289999999999910e+000	1.086771e+000	4.908707e-003
6.299999999999910e+000	1.088937e+000	4.916097e-003
6.309999999999910e+000	1.091106e+000	4.923485e-003
6.319999999999910e+000	1.093276e+000	4.930872e-003
6.329999999999910e+000	1.095449e+000	4.938256e-003
6.339999999999909e+000	1.097624e+000	4.945638e-003
6.349999999999909e+000	1.099801e+000	4.953018e-003
6.359999999999909e+000	1.101980e+000	4.960396e-003
6.369999999999909e+000	1.104162e+000	4.967772e-003
6.379999999999908e+000	1.106346e+000	4.975146e-003
6.389999999999908e+000	1.108532e+000	4.982517e-003
6.399999999999908e+000	1.110720e+000	4.989887e-003
6.409999999999908e+000	1.112911e+000	4.997254e-003
6.419999999999908e+000	1.115104e+000	5.004619e-003
6.429999999999907e+000	1.117299e+000	5.011982e-003
6.439999999999907e+000	1.119497e+000	5.019343e-003
6.449999999999907e+000	1.121696e+000	5.026701e-003
6.459999999999907e+000	1.123899e+000	5.034058e-003
6.469999999999907e+000	1.126103e+000	5.041413e-003
6.479999999999906e+000	1.128310e+000	5.048764e-003
6.489999999999906e+000	1.130519e+000	5.056114e-003
6.499999999999906e+000	1.132730e+000	5.063462e-003
6.509999999999906e+000	1.134944e+000	5.070808e-003
6.519999999999905e+000	1.137160e+000	5.078151e-003
6.529999999999905e+000	1.139378e+000	5.085492e-003
6.539999999999905e+000	1.141599e+000	5.092831e-003
6.549999999999905e+000	1.143822e+000	5.100168e-003
6.559999999999905e+000	1.146048e+000	5.107502e-003
6.569999999999904e+000	1.148276e+000	5.114834e-003
6.579999999999904e+000	1.150506e+000	5.122164e-003
6.589999999999904e+000	1.152739e+000	5.129491e-003
6.599999999999904e+000	1.154974e+000	5.136817e-003
6.609999999999904e+000	1.157212e+000	5.144140e-003
6.619999999999903e+000	1.159452e+000	5.151461e-003
6.629999999999903e+000	1.161694e+000	5.158779e-003
6.639999999999903e+000	1.163939e+000	5.166095e-003
6.649999999999903e+000	1.166186e+000	5.173409e-003
6.659999999999902e+000	1.168436e+000	5.180721e-003
6.669999999999902e+000	1.170688e+000	5.188030e-003
6.679999999999902e+000	1.172943e+000	5.195337e-003
6.689999999999902e+000	1.175200e+000	5.202641e-003
6.699999999999902e+000	1.177460e+000	5.209944e-003
6.709999999999901e+000	1.179722e+000	5.217243e-003
6.719999999999901e+000	1.181987e+000	5.224541e-003
6.729999999999901e+000	1.184254e+000	5.231836e-003
6.739999999999901e+000	1.186524e+000	5.239129e-003
6.749999999999901e+000	1.188796e+000	5.246419e-003
6.759999999999900e+000	1.191071e+000	5.253707e-003
6.769999999999900e+000	1.193348e+000	5.260992e-003
6.779999999999900e+000	1.195628e+000	5.268275e-003
6.789999999999900e+000	1.197911e+000	5.275556e-003
6.799999999999900e+000	1.200196e+000	5.282834e-003
6.809999999999899e+000	1.202483e+000	5.290110e-003
6.819999999999899e+000	1.204774e+000	5.297383e-003
6.829999999999899e+000	1.207067e+000	5.304654e-003
6.839999999999899e+000	1.209362e+000	5.311923e-003
6.849999999999898e+000	1.211660e+000	5.319189e-003
6.859999999999898e+000	1.213961e+000	5.326452e-003
6.869999999999898e+000	1.216264e+000	5.333713e-003
6.879999999999898e+000	1.218570e+000	5.340972e-003
6.889999999999898e+000	1.220879e+000	5.348227e-003
6.899999999999897e+000	1.223190e+000	5.355481e-003
6.909999999999897e+000	1.225504e+000	5.362732e-003
6.919999999999897e+000	1.227821e+000	5.369980e-003
6.929999999999897e+000	1.230140e+000	5.377226e-003
6.939999999999897e+000	1.232462e+000	5.384469e-003
6.949999999999896e+000	1.234787e+000	5.391710e-003
6.959999999999896e+000	1.237115e+000	5.398948e-003
6.969999999999896e+000	1.239445e+000	5.406184e-003
6.979999999999896e+000	1.241778e+000	5.413417e-003
6.989999999999895e+000	1.244114e+000	5.420648e-003
6.999999999999895e+000	1.246452e+000	5.427875e-003
7.009999999999895e+000	1.248794e+000	5.435100e-003
7.019999999999895e+000	1.251138e+000	5.442323e-003
7.029999999999895e+000	1.253485e+000	5.449543e-003
7.039999999999894e+000	1.255834e+000	5.456760e-003
7.049999999999894e+000	1.258187e+000	5.463975e-003
7.059999999999894e+000	1.260542e+000	5.471187e-003
7.069999999999894e+000	1.262900e+000	5.478396e-003
7.079999999999894e+000	1.265261e+000	5.485603e-003
7.089999999999893e+000	1.267625e+000	5.492806e-003
7.099999999999893e+000	1.269992e+000	5.500008e-003
7.109999999999893e+000	1.272362e+000	5.507206e-003
7.119999999999893e+000	1.274734e+000	5.514402e-003
7.129999999999892e+000	1.277109e+000	5.521595e-003
7.139999999999892e+000	1.279488e+000	5.528785e-003
7.149999999999892e+000	1.281869e+000	5.535973e-003
7.159999999999892e+000	1.284253e+000	5.543157e-003
7.169999999999892e+000	1.286640e+000	5.550340e-003
7.179999999999891e+000	1.289030e+000	5.557519e-003
7.189999999999891e+000	1.291423e+000	5.564695e-003
7.199999999999891e+000	1.293819e+000	5.571869e-003
7.209999999999891e+000	1.296218e+000	5.579039e-003
7.219999999999891e+000	1.298620e+000	5.586208e-003
7.229999999999890e+000	1.301025e+000	5.593373e-003
7.239999999999890e+000	1.303433e+000	5.600535e-003
7.249999999999890e+000	1.305844e+000	5.607694e-003
7.259999999999890e+000	1.308258e+000	5.614851e-003
7.269999999999889e+000	1.310675e+000	5.622005e-003
7.279999999999889e+000	1.313095e+000	5.629156e-003
7.289999999999889e+000	1.315518e+000	5.636303e-003
7.299999999999889e+000	1.317945e+000	5.643448e-003
7.309999999999889e+000	1.320374e+000	5.650591e-003
7.319999999999888e+000	1.322807e+000	5.657730e-003
7.329999999999888e+000	1.325242e+000	5.664866e-003
7.339999999999888e+000	1.327681e+000	5.671999e-003
7.349999999999888e+000	1.330123e+000	5.679129e-003
7.359999999999888e+000	1.332568e+000	5.686257e-003
7.369999999999887e+000	1.335016e+000	5.693381e-003
7.379999999999887e+000	1.337468e+000	5.700502e-003
7.389999999999887e+000	1.339923e+000	5.707620e-003
7.399999999999887e+000	1.342380e+000	5.714735e-003
7.409999999999887e+000	1.344842e+000	5.721848e-003
7.419999999999886e+000	1.347306e+000	5.728957e-003
7.429999999999886e+000	1.349774e+000	5.736063e-003
7.439999999999886e+000	1.352244e+000	5.743166e-003
7.449999999999886e+000	1.354718e+000	5.750265e-003
7.459999999999885e+000	1.357196e+000	5.757363e-003
7.469999999999885e+000	1.359677e+000	5.764456e-003
7.479999999999885e+000	1.362161e+000	5.771547e-003
7.489999999999885e+000	1.364648e+000	5.778634e-003
7.499999999999885e+000	1.367139e+000	5.785718e-003
7.509999999999884e+000	1.369633e+000	5.792799e-003
7.519999999999884e+000	1.372130e+000	5.799877e-003
7.529999999999884e+000	1.374631e+000	5.806952e-003
7.539999999999884e+000	1.377135e+000	5.814023e-003
7.549999999999884e+000	1.379643e+000	5.821092e-003
7.559999999999883e+000	1.382154e+000	5.828157e-003
7.569999999999883e+000	1.384668e+000	5.835218e-003
7.579999999999883e+000	1.387186e+000	5.842277e-003
7.589999999999883e+000	1.389708e+000	5.849332e-003
7.599999999999882e+000	1.392233e+000	5.856384e-003
7.609999999999882e+000	1.394761e+000	5.863433e-003
7.619999999999882e+000	1.397293e+000	5.870478e-003
7.629999999999882e+000	1.399828e+000	5.877520e-003
7.639999999999882e+000	1.402367e+000	5.884559e-003
7.649999999999881e+000	1.404910e+000	5.891595e-003
7.659999999999881e+000	1.407456e+000	5.898627e-003
7.669999999999881e+000	1.410006e+000	5.905655e-003
7.679999999999881e+000	1.412559e+000	5.912680e-003
7.689999999999881e+000	1.415116e+000	5.919702e-003
7.699999999999880e+000	1.417676e+000	5.926720e-003
7.709999999999880e+000	1.420241e+000	5.933735e-003
7.719999999999880e+000	1.422809e+000	5.940747e-003
7.729999999999880e+000	1.425380e+000	5.947755e-003
7.739999999999879e+000	1.427955e+000	5.954759e-003
7.749999999999879e+000	1.430534e+000	5.961760e-003
7.759999999999879e+000	1.433117e+000	5.968757e-003
7.769999999999879e+000	1.435703e+000	5.975752e-003
7.779999999999879e+000	1.438294e+000	5.982742e-003
7.789999999999878e+000	1.440888e+000	5.989729e-003
7.799999999999878e+000	1.443485e+000	5.996712e-003
7.809999999999878e+000	1.446087e+000	6.003692e-003
7.819999999999878e+000	1.448692e+000	6.010668e-003
7.829999999999878e+000	1.451302e+000	6.017640e-003
7.839999999999877e+000	1.453915e+000	6.024609e-003
7.849999999999877e+000	1.456532e+000	6.031574e-003
7.859999999999877e+000	1.459153e+000	6.038535e-003
7.869999999999877e+000	1.461777e+000	6.045493e-003
7.879999999999876e+000	1.464406e+000	6.052447e-003
7.889999999999876e+000	1.467039e+000	6.059397e-003
7.899999999999876e+000	1.469675e+000	6.066344e-003
7.909999999999876e+000	1.472316e+000	6.073287e-003
7.919999999999876e+000	1.474961e+000	6.080226e-003
7.929999999999875e+000	1.477609e+000	6.087161e-003
7.939999999999875e+000	1.480262e+000	6.094093e-003
7.949999999999875e+000	1.482919e+000	6.101020e-003
7.959999999999875e+000	1.485580e+000	6.107944e-003
7.969999999999875e+000	1.488245e+000	6.114863e-003
7.979999999999874e+000	1.490914e+000	6.121779e-003
7.989999999999874e+000	1.493587e+000	6.128692e-003
7.999999999999874e+000	1.496264e+000	6.135600e-003
8.009999999999874e+000	1.498946e+000	6.142504e-003
8.019999999999874e+000	1.501632e+000	6.149404e-003
8.029999999999873e+000	1.504322e+000	6.156300e-003
8.039999999999873e+000	1.507016e+000	6.163192e-003
8.049999999999873e+000	1.509714e+000	6.170081e-003
8.059999999999873e+000	1.512417e+000	6.176965e-003
8.069999999999872e+000	1.515124e+000	6.183845e-003
8.079999999999872e+000	1.517835e+000	6.190721e-003
8.089999999999872e+000	1.520551e+000	6.197593e-003
8.099999999999872e+000	1.523271e+000	6.204461e-003
8.109999999999872e+000	1.525996e+000	6.211325e-003
8.119999999999871e+000	1.528725e+000	6.218184e-003
8.129999999999871e+000	1.531458e+000	6.225040e-003
8.139999999999871e+000	1.534196e+000	6.231891e-003
8.149999999999871e+000	1.536938e+000	6.238738e-003
8.159999999999871e+000	1.539684e+000	6.245581e-003
8.169999999999870e+000	1.542436e+000	6.252419e-003
8.179999999999870e+000	1.545191e+000	6.259254e-003
8.189999999999870e+000	1.547951e+000	6.266084e-003
8.199999999999870e+000	1.550716e+000	6.272909e-003
8.209999999999869e+000	1.553486e+000	6.279730e-003
8.219999999999869e+000	1.556260e+000	6.286548e-003
8.229999999999869e+000	1.559039e+000	6.293360e-003
8.239999999999869e+000	1.561822e+000	6.300168e-003
8.249999999999869e+000	1.564610e+000	6.306971e-003
8.259999999999868e+000	1.567403e+000	6.313771e-003
8.269999999999868e+000	1.570200e+000	6.320565e-003
8.279999999999868e+000	1.573003e+000	6.327356e-003
8.289999999999868e+000	1.575810e+000	6.334141e-003
8.299999999999868e+000	1.578622e+000	6.340923e-003
8.309999999999867e+000	1.581439e+000	6.347699e-003
8.319999999999867e+000	1.584260e+000	6.354471e-003
8.329999999999867e+000	1.587087e+000	6.361239e-003
8.339999999999867e+000	1.589918e+000	6.368001e-003
8.349999999999866e+000	1.592755e+000	6.374760e-003
8.359999999999866e+000	1.595596e+000	6.381513e-003
8.369999999999866e+000	1.598443e+000	6.388261e-003
8.379999999999866e+000	1.601294e+000	6.395006e-003
8.389999999999866e+000	1.604151e+000	6.401745e-003
8.399999999999865e+000	1.607012e+000	6.408479e-003
8.409999999999865e+000	1.609879e+000	6.415209e-003
8.419999999999865e+000	1.612751e+000	6.421933e-003
8.429999999999865e+000	1.615628e+000	6.428653e-003
8.439999999999865e+000	1.618510e+000	6.435368e-003
8.449999999999864e+000	1.621397e+000	6.442078e-003
8.459999999999864e+000	1.624290e+000	6.448783e-003
8.469999999999864e+000	1.627188e+000	6.455483e-003
8.479999999999864e+000	1.630091e+000	6.462178e-003
8.489999999999863e+000	1.632999e+000	6.468868e-003
8.499999999999863e+000	1.635913e+000	6.475553e-003
8.509999999999863e+000	1.638833e+000	6.482233e-003
8.519999999999863e+000	1.641757e+000	6.488908e-003
8.529999999999863e+000	1.644688e+000	6.495578e-003
8.539999999999862e+000	1.647623e+000	6.502242e-003
8.549999999999862e+000	1.650565e+000	6.508901e-003
8.559999999999862e+000	1.653511e+000	6.515556e-003
8.569999999999862e+000	1.656464e+000	6.522204e-003
8.579999999999862e+000	1.659422e+000	6.528847e-003
8.589999999999861e+000	1.662385e+000	6.535486e-003
8.599999999999861e+000	1.665354e+000	6.542118e-003
8.609999999999861e+000	1.668329e+000	6.548746e-003
8.619999999999861e+000	1.671310e+000	6.555368e-003
8.629999999999860e+000	1.674297e+000	6.561984e-003
8.639999999999860e+000	1.677289e+000	6.568595e-003
8.649999999999860e+000	1.680287e+000	6.575201e-003
8.659999999999860e+000	1.683291e+000	6.581801e-003
8.669999999999860e+000	1.686301e+000	6.588395e-003
8.679999999999859e+000	1.689317e+000	6.594984e-003
8.689999999999859e+000	1.692339e+000	6.601567e-003
8.699999999999859e+000	1.695367e+000	6.608144e-003
8.709999999999859e+000	1.698401e+000	6.614716e-003
8.719999999999859e+000	1.701441e+000	6.621282e-003
8.729999999999858e+000	1.704487e+000	6.627842e-003
8.739999999999858e+000	1.707540e+000	6.634397e-003
8.749999999999858e+000	1.710598e+000	6.640945e-003
8.759999999999858e+000	1.713663e+000	6.647488e-003
8.769999999999858e+000	1.716734e+000	6.654024e-003
8.779999999999857e+000	1.719812e+000	6.660555e-003
8.789999999999857e+000	1.722896e+000	6.667080e-003
8.799999999999857e+000	1.725986e+000	6.673598e-003
8.809999999999857e+000	1.729082e+000	6.680111e-003
8.819999999999856e+000	1.732186e+000	6.686617e-003
8.829999999999856e+000	1.735295e+000	6.693118e-003
8.839999999999856e+000	1.738412e+000	6.699612e-003
8.849999999999856e+000	1.741534e+000	6.706099e-003
8.859999999999856e+000	1.744664e+000	6.712581e-003
8.869999999999855e+000	1.747800e+000	6.719057e-003
8.879999999999855e+000	1.750943e+000	6.725525e-003
8.889999999999855e+000	1.754093e+000	6.731988e-003
8.899999999999855e+000	1.757249e+000	6.738444e-003
8.909999999999855e+000	1.760413e+000	6.744894e-003
8.919999999999854e+000	1.763583e+000	6.751337e-003
8.929999999999854e+000	1.766761e+000	6.757773e-003
8.939999999999854e+000	1.769945e+000	6.764203e-003
8.949999999999854e+000	1.773136e+000	6.770626e-003
8.959999999999853e+000	1.776335e+000	6.777043e-003
8.969999999999853e+000	1.779540e+000	6.783452e-003
8.979999999999853e+000	1.782753e+000	6.789855e-003
8.989999999999853e+000	1.785973e+000	6.796252e-003
8.999999999999853e+000	1.789201e+000	6.802641e-003
9.009999999999852e+000	1.792436e+000	6.809023e-003
9.019999999999852e+000	1.795678e+000	6.815399e-003
9.029999999999852e+000	1.798927e+000	6.821766e-003
9.039999999999852e+000	1.802184e+000	6.828128e-003
9.049999999999852e+000	1.805449e+000	6.834482e-003
9.059999999999851e+000	1.808721e+000	6.840829e-003
9.069999999999851e+000	1.812001e+000	6.847169e-003
9.079999999999851e+000	1.815289e+000	6.853501e-003
9.089999999999851e+000	1.818584e+000	6.859826e-003
9.099999999999850e+000	1.821888e+000	6.866144e-003
9.109999999999850e+000	1.825199e+000	6.872454e-003
9.119999999999850e+000	1.828518e+000	6.878757e-003
9.129999999999850e+000	1.831845e+000	6.885052e-003
9.139999999999850e+000	1.835180e+000	6.891340e-003
9.149999999999849e+000	1.838523e+000	6.897619e-003
9.159999999999849e+000	1.841875e+000	6.903892e-003
9.169999999999849e+000	1.845234e+000	6.910156e-003
9.179999999999849e+000	1.848602e+000	6.916413e-003
9.189999999999849e+000	1.851979e+000	6.922662e-003
9.199999999999848e+000	1.855363e+000	6.928903e-003
9.209999999999848e+000	1.858757e+000	6.935135e-003
9.219999999999848e+000	1.862158e+000	6.941360e-003
9.229999999999848e+000	1.865569e+000	6.947577e-003
9.239999999999847e+000	1.868988e+000	6.953785e-003
9.249999999999847e+000	1.872416e+000	6.959985e-003
9.259999999999847e+000	1.875852e+000	6.966177e-003
9.269999999999847e+000	1.879298e+000	6.972360e-003
9.279999999999847e+000	1.882753e+000	6.978536e-003
9.289999999999846e+000	1.886216e+000	6.984702e-003
9.299999999999846e+000	1.889689e+000	6.990860e-003
9.309999999999846e+000	1.893170e+000	6.997009e-003
9.319999999999846e+000	1.896662e+000	7.003149e-003
9.329999999999846e+000	1.900162e+000	7.009281e-003
9.339999999999845e+000	1.903672e+000	7.015404e-003
9.349999999999845e+000	1.907191e+000	7.021518e-003
9.359999999999845e+000	1.910720e+000	7.027623e-003
9.369999999999845e+000	1.914258e+000	7.033719e-003
9.379999999999845e+000	1.917806e+000	7.039805e-003
9.389999999999844e+000	1.921364e+000	7.045883e-003
9.399999999999844e+000	1.924932e+000	7.051951e-003
9.409999999999844e+000	1.928510e+000	7.058010e-003
9.419999999999844e+000	1.932097e+000	7.064059e-003
9.429999999999843e+000	1.935695e+000	7.070099e-003
9.439999999999843e+000	1.939303e+000	7.076129e-003
9.449999999999843e+000	1.942922e+000	7.082149e-003
9.459999999999843e+000	1.946551e+000	7.088160e-003
9.469999999999843e+000	1.950190e+000	7.094161e-003
9.479999999999842e+000	1.953840e+000	7.100151e-003
9.489999999999842e+000	1.957500e+000	7.106132e-003
9.499999999999842e+000	1.961172e+000	7.112103e-003
9.509999999999842e+000	1.964854e+000	7.118063e-003
9.519999999999842e+000	1.968547e+000	7.124013e-003
9.529999999999841e+000	1.972251e+000	7.129952e-003
9.539999999999841e+000	1.975966e+000	7.135881e-003
9.549999999999841e+000	1.979692e+000	7.141800e-003
9.559999999999841e+000	1.983430e+000	7.147707e-003
9.569999999999840e+000	1.987180e+000	7.153604e-003
9.579999999999840e+000	1.990940e+000	7.159490e-003
9.589999999999840e+000	1.994713e+000	7.165365e-003
9.599999999999840e+000	1.998497e+000	7.171229e-003
9.609999999999840e+000	2.002294e+000	7.177081e-003
9.619999999999839e+000	2.006102e+000	7.182923e-003
9.629999999999839e+000	2.009922e+000	7.188753e-003
9.639999999999839e+000	2.013755e+000	7.194571e-003
9.649999999999839e+000	2.017600e+000	7.200378e-003
9.659999999999839e+000	2.021457e+000	7.206173e-003
9.669999999999838e+000	2.025327e+000	7.211955e-003
9.679999999999838e+000	2.029210e+000	7.217727e-003
9.689999999999838e+000	2.033106e+000	7.223486e-003
9.699999999999838e+000	2.037014e+000	7.229232e-003
9.709999999999837e+000	2.040936e+000	7.234966e-003
9.719999999999837e+000	2.044871e+000	7.240688e-003
9.729999999999837e+000	2.048819e+000	7.246397e-003
9.739999999999837e+000	2.052781e+000	7.252093e-003
9.749999999999837e+000	2.056756e+000	7.257777e-003
9.759999999999836e+000	2.060746e+000	7.263447e-003
9.769999999999836e+000	2.064749e+000	7.269104e-003
9.779999999999836e+000	2.068767e+000	7.274748e-003
9.789999999999836e+000	2.072798e+000	7.280379e-003
9.799999999999836e+000	2.076844e+000	7.285996e-003
9.809999999999835e+000	2.080905e+000	7.291599e-003
9.819999999999835e+000	2.084980e+000	7.297189e-003
9.829999999999835e+000	2.089071e+000	7.302764e-003
9.839999999999835e+000	2.093176e+000	7.308325e-003
9.849999999999834e+000	2.097296e+000	7.313871e-003
9.859999999999834e+000	2.101432e+000	7.319404e-003
9.869999999999834e+000	2.105583e+000	7.324921e-003
9.879999999999834e+000	2.109751e+000	7.330424e-003
9.889999999999834e+000	2.113934e+000	7.335912e-003
9.899999999999833e+000	2.118133e+000	7.341384e-003
9.909999999999833e+000	2.122349e+000	7.346841e-003
9.919999999999833e+000	2.126580e+000	7.352283e-003
9.929999999999833e+000	2.130829e+000	7.357709e-003
9.939999999999833e+000	2.135095e+000	7.363118e-003
9.949999999999832e+000	2.139377e+000	7.368512e-003
9.959999999999832e+000	2.143677e+000	7.373889e-003
9.969999999999832e+000	2.147995e+000	7.379251e-003
9.979999999999832e+000	2.152330e+000	7.384595e-003
9.989999999999832e+000	2.156683e+000	7.389922e-003
9.999999999999831e+000	2.161054e+000	7.395232e-003
1.000999999999983e+001	2.165443e+000	7.400525e-003
1.001999999999983e+001	2.169852e+000	7.405800e-003
1.002999999999983e+001	2.174279e+000	7.411058e-003
1.003999999999983e+001	2.178725e+000	7.416297e-003
1.004999999999983e+001	2.183191e+000	7.421518e-003
1.005999999999983e+001	2.187676e+000	7.426721e-003
1.006999999999983e+001	2.192181e+000	7.431905e-003
1.007999999999983e+001	2.196706e+000	7.437069e-003
1.008999999999983e+001	2.201252e+000	7.442215e-003
1.009999999999983e+001	2.205818e+000	7.447341e-003
1.010999999999983e+001	2.210406e+000	7.452447e-003
1.011999999999983e+001	2.215015e+000	7.457533e-003
1.012999999999983e+001	2.219645e+000	7.462599e-003
1.013999999999983e+001	2.224297e+000	7.467644e-003
1.014999999999983e+001	2.228971e+000	7.472668e-003
1.015999999999983e+001	2.233668e+000	7.477671e-003
1.016999999999983e+001	2.238388e+000	7.482653e-003
1.017999999999983e+001	2.243131e+000	7.487612e-003
1.018999999999983e+001	2.247898e+000	7.492549e-003
1.019999999999983e+001	2.252688e+000	7.497464e-003
1.020999999999983e+001	2.257503e+000	7.502356e-003
1.021999999999983e+001	2.262342e+000	7.507224e-003
1.022999999999983e+001	2.267207e+000	7.512069e-003
1.023999999999983e+001	2.272097e+000	7.516890e-003
1.024999999999983e+001	2.277012e+000	7.521687e-003
1.025999999999983e+001	2.281954e+000	7.526458e-003
1.026999999999983e+001	2.286923e+000	7.531205e-003
1.027999999999983e+001	2.291919e+000	7.535926e-003
1.028999999999983e+001	2.296942e+000	7.540621e-003
1.029999999999983e+001	2.301993e+000	7.545290e-003
1.030999999999983e+001	2.307073e+000	7.549931e-003
1.031999999999982e+001	2.312181e+000	7.554546e-003
1.032999999999982e+001	2.317320e+000	7.559132e-003
1.033999999999982e+001	2.322488e+000	7.563691e-003
1.034999999999982e+001	2.327687e+000	7.568220e-003
1.035999999999982e+001	2.332917e+000	7.572720e-003
1.036999999999982e+001	2.338178e+000	7.577190e-003
1.037999999999982e+001	2.343472e+000	7.581630e-003
1.038999999999982e+001	2.348799e+000	7.586039e-003
1.039999999999982e+001	2.354159e+000	7.590416e-003
1.040999999999982e+001	2.359553e+000	7.594761e-003
1.041999999999982e+001	2.364982e+000	7.599073e-003
1.042999999999982e+001	2.370446e+000	7.603352e-003
1.043999999999982e+001	2.375947e+000	7.607597e-003
1.044999999999982e+001	2.381485e+000	7.611807e-003
1.045999999999982e+001	2.387060e+000	7.615982e-003
1.046999999999982e+001	2.392673e+000	7.620119e-003
1.047999999999982e+001	2.398326e+000	7.624221e-003
1.048999999999982e+001	2.404019e+000	7.628284e-003
1.049999999999982e+001	2.409753e+000	7.632309e-003
1.050999999999982e+001	2.415528e+000	7.636294e-003
1.051999999999982e+001	2.421347e+000	7.640239e-003
1.052999999999982e+001	2.427209e+000	7.644142e-003
1.053999999999982e+001	2.433116e+000	7.648004e-003
1.054999999999982e+001	2.439069e+000	7.651822e-003
1.055999999999982e+001	2.445068e+000	7.655596e-003
1.056999999999982e+001	2.451116e+000	7.659325e-003
1.057999999999982e+001	2.457212e+000	7.663007e-003
1.058999999999982e+001	2.463359e+000	7.666642e-003
1.059999999999982e+001	2.469558e+000	7.670228e-003
1.060999999999982e+001	2.475810e+000	7.673764e-003
1.061999999999982e+001	2.482116e+000	7.677249e-003
1.062999999999982e+001	2.488478e+000	7.680681e-003
1.063999999999982e+001	2.494898e+000	7.684059e-003
1.064999999999982e+001	2.501376e+000	7.687381e-003
1.065999999999982e+001	2.507915e+000	7.690646e-003
1.066999999999982e+001	2.514516e+000	7.693853e-003
1.067999999999982e+001	2.521182e+000	7.696999e-003
1.068999999999982e+001	2.527913e+000	7.700082e-003
1.069999999999982e+001	2.534713e+000	7.703101e-003
1.070999999999982e+001	2.541582e+000	7.706054e-003
1.071999999999982e+001	2.548524e+000	7.708939e-003
1.072999999999982e+001	2.555541e+000	7.711753e-003
1.073999999999982e+001	2.562635e+000	7.714495e-003
1.074999999999982e+001	2.569809e+000	7.717161e-003
1.075999999999982e+001	2.577066e+000	7.719749e-003
1.076999999999982e+001	2.584409e+000	7.722256e-003
1.077999999999982e+001	2.591839e+000	7.724680e-003
1.078999999999981e+001	2.599362e+000	7.727017e-003
1.079999999999981e+001	2.606980e+000	7.729264e-003
1.080999999999981e+001	2.614698e+000	7.731417e-003
1.081999999999981e+001	2.622519e+000	7.733473e-003
1.082999999999981e+001	2.630447e+000	7.735427e-003
1.083999999999981e+001	2.638487e+000	7.737277e-003
1.084999999999981e+001	2.646644e+000	7.739015e-003
1.085999999999981e+001	2.654923e+000	7.740638e-003
1.086999999999981e+001	2.663331e+000	7.742141e-003
1.087999999999981e+001	2.671872e+000	7.743517e-003
1.088999999999981e+001	2.680554e+000	7.744761e-003
1.089999999999981e+001	2.689384e+000	7.745865e-003
1.090999999999981e+001	2.698369e+000	7.746822e-003
1.091999999999981e+001	2.707518e+000	7.747624e-003
1.092999999999981e+001	2.716841e+000	7.748262e-003
1.093999999999981e+001	2.726349e+000	7.748728e-003
1.094999999999981e+001	2.736051e+000	7.749008e-003
1.095999999999981e+001	2.745888e+000	7.749162e-003
1.096999999999981e+001	2.755728e+000	7.749313e-003
1.097999999999981e+001	2.765568e+000	7.749464e-003
1.098999999999981e+001	2.775409e+000	7.749615e-003
1.099999999999981e+001	2.785249e+000	7.749766e-003
1.100999999999981e+001	2.795089e+000	7.749917e-003
1.101999999999981e+001	2.804929e+000	7.750067e-003
1.102999999999981e+001	2.814769e+000	7.750218e-003
1.103999999999981e+001	2.824609e+000	7.750369e-003
1.104999999999981e+001	2.834449e+000	7.750520e-003
1.105999999999981e+001	2.844289e+000	7.750670e-003
1.106999999999981e+001	2.854130e+000	7.750821e-003
1.107999999999981e+001	2.863970e+000	7.750972e-003
1.108999999999981e+001	2.873810e+000	7.751123e-003
1.109999999999981e+001	2.883650e+000	7.751273e-003
1.110999999999981e+001	2.893490e+000	7.751424e-003
1.111999999999981e+001	2.903330e+000	7.751575e-003
1.112999999999981e+001	2.913170e+000	7.751726e-003
1.113999999999981e+001	2.923011e+000	7.751877e-003
1.114999999999981e+001	2.932851e+000	7.752028e-003
1.115999999999981e+001	2.942691e+000	7.752179e-003
1.116999999999981e+001	2.952531e+000	7.752329e-003
1.117999999999981e+001	2.962371e+000	7.752480e-003
1.118999999999981e+001	2.972211e+000	7.752631e-003
1.119999999999981e+001	2.982051e+000	7.752782e-003
1.120999999999981e+001	2.991891e+000	7.752933e-003
1.121999999999981e+001	3.001732e+000	7.753083e-003
1.122999999999981e+001	3.011572e+000	7.753234e-003
1.123999999999981e+001	3.021412e+000	7.753385e-003
1.124999999999981e+001	3.031252e+000	7.753536e-003
1.125999999999980e+001	3.041092e+000	7.753687e-003
1.126999999999980e+001	3.050932e+000	7.753837e-003
1.127999999999980e+001	3.060772e+000	7.753988e-003
1.128999999999980e+001	3.070613e+000	7.754139e-003
1.129999999999980e+001	3.080453e+000	7.754290e-003
1.130999999999980e+001	3.090293e+000	7.754441e-003
1.131999999999980e+001	3.100133e+000	7.754592e-003
1.132999999999980e+001	3.109973e+000	7.754742e-003
1.133999999999980e+001	3.119813e+000	7.754893e-003
1.134999999999980e+001	3.129653e+000	7.755044e-003
1.135999999999980e+001	3.139493e+000	7.755195e-003
1.136999999999980e+001	3.149334e+000	7.755346e-003
1.137999999999980e+001	3.159174e+000	7.755497e-003
1.138999999999980e+001	3.169014e+000	7.755647e-003
1.139999999999980e+001	3.178854e+000	7.755798e-003
1.140999999999980e+001	3.188694e+000	7.755949e-003
1.141999999999980e+001	3.198534e+000	7.756100e-003
1.142999999999980e+001	3.208375e+000	7.756250e-003
1.143999999999980e+001	3.218215e+000	7.756401e-003
1.144999999999980e+001	3.228055e+000	7.756552e-003
1.145999999999980e+001	3.237895e+000	7.756703e-003
1.146999999999980e+001	3.247735e+000	7.756854e-003
1.147999999999980e+001	3.257575e+000	7.757004e-003
1.148999999999980e+001	3.267415e+000	7.757155e-003
1.149999999999980e+001	3.277256e+000	7.757306e-003
1.150999999999980e+001	3.287096e+000	7.757457e-003
1.151999999999980e+001	3.296936e+000	7.757608e-003
1.152999999999980e+001	3.306776e+000	7.757759e-003
1.153999999999980e+001	3.316616e+000	7.757910e-003
1.154999999999980e+001	3.326456e+000	7.758060e-003
1.155999999999980e+001	3.336296e+000	7.758211e-003
1.156999999999980e+001	3.346136e+000	7.758362e-003
1.157999999999980e+001	3.355977e+000	7.758513e-003
1.158999999999980e+001	3.365817e+000	7.758664e-003
1.159999999999980e+001	3.375657e+000	7.758814e-003
1.160999999999980e+001	3.385497e+000	7.758965e-003
1.161999999999980e+001	3.395337e+000	7.759116e-003
1.162999999999980e+001	3.405177e+000	7.759267e-003
1.163999999999980e+001	3.415017e+000	7.759417e-003
1.164999999999980e+001	3.424858e+000	7.759568e-003
1.165999999999980e+001	3.434698e+000	7.759719e-003
1.166999999999980e+001	3.444538e+000	7.759870e-003
1.167999999999980e+001	3.454378e+000	7.760021e-003
1.168999999999980e+001	3.464218e+000	7.760172e-003
1.169999999999980e+001	3.474058e+000	7.760322e-003
1.170999999999980e+001	3.483898e+000	7.760473e-003
1.171999999999980e+001	3.493738e+000	7.760624e-003
1.172999999999979e+001	3.503579e+000	7.760775e-003
1.173999999999979e+001	3.513419e+000	7.760926e-003
1.174999999999979e+001	3.523259e+000	7.761077e-003
1.175999999999979e+001	3.533099e+000	7.761227e-003
1.176999999999979e+001	3.542939e+000	7.761378e-003
1.177999999999979e+001	3.552779e+000	7.761529e-003
1.178999999999979e+001	3.562619e+000	7.761680e-003
1.179999999999979e+001	3.572460e+000	7.761830e-003
1.180999999999979e+001	3.582300e+000	7.761981e-003
1.181999999999979e+001	3.592140e+000	7.762132e-003
1.182999999999979e+001	3.601980e+000	7.762283e-003
1.183999999999979e+001	3.611820e+000	7.762434e-003
1.184999999999979e+001	3.621660e+000	7.762584e-003
1.185999999999979e+001	3.631500e+000	7.762735e-003
1.186999999999979e+001	3.641341e+000	7.762886e-003
1.187999999999979e+001	3.651181e+000	7.763037e-003
1.188999999999979e+001	3.661021e+000	7.763188e-003
1.189999999999979e+001	3.670861e+000	7.763339e-003
1.190999999999979e+001	3.680701e+000	7.763490e-003
1.191999999999979e+001	3.690541e+000	7.763640e-003
1.192999999999979e+001	3.700382e+000	7.763791e-003
1.193999999999979e+001	3.710222e+000	7.763942e-003
1.194999999999979e+001	3.720062e+000	7.764093e-003
1.195999999999979e+001	3.729902e+000	7.764244e-003
1.196999999999979e+001	3.739742e+000	7.764394e-003
1.197999999999979e+001	3.749582e+000	7.764545e-003
1.198999999999979e+001	3.759422e+000	7.764696e-003
1.199999999999979e+001	3.769263e+000	7.764847e-003
1.200999999999979e+001	3.779103e+000	7.764997e-003
1.201999999999979e+001	3.788943e+000	7.765148e-003
1.202999999999979e+001	3.798783e+000	7.765299e-003
1.203999999999979e+001	3.808623e+000	7.765450e-003
1.204999999999979e+001	3.818463e+000	7.765601e-003
1.205999999999979e+001	3.828303e+000	7.765752e-003
1.206999999999979e+001	3.838143e+000	7.765902e-003
1.207999999999979e+001	3.847984e+000	7.766053e-003
1.208999999999979e+001	3.857824e+000	7.766204e-003
1.209999999999979e+001	3.867664e+000	7.766355e-003
1.210999999999979e+001	3.877504e+000	7.766506e-003
1.211999999999979e+001	3.887344e+000	7.766657e-003
1.212999999999979e+001	3.897184e+000	7.766807e-003
1.213999999999979e+001	3.907024e+000	7.766958e-003
1.214999999999979e+001	3.916865e+000	7.767109e-003
1.215999999999979e+001	3.926705e+000	7.767260e-003
1.216999999999979e+001	3.936545e+000	7.767410e-003
1.217999999999979e+001	3.946385e+000	7.767561e-003
1.218999999999979e+001	3.956225e+000	7.767712e-003
1.219999999999978e+001	3.966065e+000	7.767863e-003
1.220999999999978e+001	3.975905e+000	7.768014e-003
1.221999999999978e+001	3.985746e+000	7.768164e-003
1.222999999999978e+001	3.995586e+000	7.768315e-003
1.223999999999978e+001	4.005426e+000	7.768466e-003
1.224999999999978e+001	4.015266e+000	7.768617e-003
1.225999999999978e+001	4.025106e+000	7.768768e-003
1.226999999999978e+001	4.034946e+000	7.768919e-003
1.227999999999978e+001	4.044786e+000	7.769070e-003
1.228999999999978e+001	4.054626e+000	7.769220e-003
1.229999999999978e+001	4.064466e+000	7.769371e-003
1.230999999999978e+001	4.074307e+000	7.769522e-003
1.231999999999978e+001	4.084147e+000	7.769673e-003
1.232999999999978e+001	4.093987e+000	7.769824e-003
1.233999999999978e+001	4.103827e+000	7.769974e-003
1.234999999999978e+001	4.113667e+000	7.770125e-003
1.235999999999978e+001	4.123507e+000	7.770276e-003
1.236999999999978e+001	4.133348e+000	7.770427e-003
1.237999999999978e+001	4.143188e+000	7.770577e-003
1.238999999999978e+001	4.153028e+000	7.770728e-003
1.239999999999978e+001	4.162868e+000	7.770879e-003
1.240999999999978e+001	4.172708e+000	7.771030e-003
1.241999999999978e+001	4.182549e+000	7.771181e-003
1.242999999999978e+001	4.192389e+000	7.771331e-003
1.243999999999978e+001	4.202229e+000	7.771482e-003
1.244999999999978e+001	4.212069e+000	7.771633e-003
1.245999999999978e+001	4.221909e+000	7.771784e-003
1.246999999999978e+001	4.231749e+000	7.771935e-003
1.247999999999978e+001	4.241589e+000	7.772086e-003
1.248999999999978e+001	4.251430e+000	7.772237e-003
1.249999999999978e+001	4.261270e+000	7.772387e-003
1.250999999999978e+001	4.271110e+000	7.772538e-003
1.251999999999978e+001	4.280950e+000	7.772689e-003
1.252999999999978e+001	4.290790e+000	7.772840e-003
1.253999999999978e+001	4.300630e+000	7.772991e-003
1.254999999999978e+001	4.310470e+000	7.773141e-003
1.255999999999978e+001	4.320311e+000	7.773292e-003
1.256999999999978e+001	4.330151e+000	7.773443e-003
1.257999999999978e+001	4.339991e+000	7.773594e-003
1.258999999999978e+001	4.349831e+000	7.773744e-003
1.259999999999978e+001	4.359671e+000	7.773895e-003
1.260999999999978e+001	4.369511e+000	7.774046e-003
1.261999999999978e+001	4.379351e+000	7.774197e-003
1.262999999999978e+001	4.389191e+000	7.774348e-003
1.263999999999978e+001	4.399032e+000	7.774499e-003
1.264999999999978e+001	4.408872e+000	7.774649e-003
1.265999999999978e+001	4.418712e+000	7.774800e-003
1.266999999999977e+001	4.428552e+000	7.774951e-003
1.267999999999977e+001	4.438392e+000	7.775102e-003
1.268999999999977e+001	4.448232e+000	7.775253e-003
1.269999999999977e+001	4.458072e+000	7.775404e-003
1.270999999999977e+001	4.467913e+000	7.775554e-003
1.271999999999977e+001	4.477753e+000	7.775705e-003
1.272999999999977e+001	4.487593e+000	7.775856e-003
1.273999999999977e+001	4.497433e+000	7.776007e-003
1.274999999999977e+001	4.507273e+000	7.776157e-003
1.275999999999977e+001	4.517113e+000	7.776308e-003
1.276999999999977e+001	4.526953e+000	7.776459e-003
1.277999999999977e+001	4.536794e+000	7.776610e-003
1.278999999999977e+001	4.546634e+000	7.776760e-003
1.279999999999977e+001	4.556474e+000	7.776911e-003
1.280999999999977e+001	4.566314e+000	7.777062e-003
1.281999999999977e+001	4.576154e+000	7.777213e-003
1.282999999999977e+001	4.585994e+000	7.777364e-003
1.283999999999977e+001	4.595834e+000	7.777515e-003
1.284999999999977e+001	4.605675e+000	7.777666e-003
1.285999999999977e+001	4.615515e+000	7.777816e-003
1.286999999999977e+001	4.625355e+000	7.777967e-003
1.287999999999977e+001	4.635195e+000	7.778118e-003
1.288999999999977e+001	4.645035e+000	7.778269e-003
1.289999999999977e+001	4.654875e+000	7.778420e-003
1.290999999999977e+001	4.664715e+000	7.778571e-003
1.291999999999977e+001	4.674556e+000	7.778721e-003
1.292999999999977e+001	4.684396e+000	7.778872e-003
1.293999999999977e+001	4.694236e+000	7.779023e-003
1.294999999999977e+001	4.704076e+000	7.779174e-003
1.295999999999977e+001	4.713916e+000	7.779324e-003
1.296999999999977e+001	4.723756e+000	7.779475e-003
1.297999999999977e+001	4.733596e+000	7.779626e-003
1.298999999999977e+001	4.743436e+000	7.779777e-003
1.299999999999977e+001	4.753277e+000	7.779927e-003
1.300999999999977e+001	4.763117e+000	7.780078e-003
1.301999999999977e+001	4.772957e+000	7.780229e-003
1.302999999999977e+001	4.782797e+000	7.780380e-003
1.303999999999977e+001	4.792637e+000	7.780531e-003
1.304999999999977e+001	4.802477e+000	7.780682e-003
1.305999999999977e+001	4.812317e+000	7.780833e-003
1.306999999999977e+001	4.822158e+000	7.780983e-003
1.307999999999977e+001	4.831998e+000	7.781134e-003
1.308999999999977e+001	4.841838e+000	7.781285e-003
1.309999999999977e+001	4.851678e+000	7.781436e-003
1.310999999999977e+001	4.861518e+000	7.781587e-003
1.311999999999977e+001	4.871358e+000	7.781737e-003
1.312999999999977e+001	4.881198e+000	7.781888e-003
1.313999999999976e+001	4.891039e+000	7.782039e-003
1.314999999999976e+001	4.900879e+000	7.782190e-003
1.315999999999976e+001	4.910719e+000	7.782341e-003
1.316999999999976e+001	4.920559e+000	7.782491e-003
1.317999999999976e+001	4.930399e+000	7.782642e-003
1.318999999999976e+001	4.940239e+000	7.782793e-003
1.319999999999976e+001	4.950079e+000	7.782944e-003
1.320999999999976e+001	4.959920e+000	7.783094e-003
1.321999999999976e+001	4.969760e+000	7.783245e-003
1.322999999999976e+001	4.979600e+000	7.783396e-003
1.323999999999976e+001	4.989440e+000	7.783547e-003
1.324999999999976e+001	4.999280e+000	7.783698e-003
1.325999999999976e+001	5.009120e+000	7.783849e-003
1.326999999999976e+001	5.018960e+000	7.784000e-003
1.327999999999976e+001	5.028801e+000	7.784150e-003
1.328999999999976e+001	5.038641e+000	7.784301e-003
1.329999999999976e+001	5.048481e+000	7.784452e-003
1.330999999999976e+001	5.058321e+000	7.784603e-003
1.331999999999976e+001	5.068161e+000	7.784754e-003
1.332999999999976e+001	5.078001e+000	7.784904e-003
1.333999999999976e+001	5.087842e+000	7.785055e-003
1.334999999999976e+001	5.097682e+000	7.785206e-003
1.335999999999976e+001	5.107522e+000	7.785357e-003
1.336999999999976e+001	5.117362e+000	7.785507e-003
1.337999999999976e+001	5.127202e+000	7.785658e-003
1.338999999999976e+001	5.137043e+000	7.785809e-003
1.339999999999976e+001	5.146883e+000	7.785960e-003
1.340999999999976e+001	5.156723e+000	7.786111e-003
1.341999999999976e+001	5.166563e+000	7.786261e-003
1.342999999999976e+001	5.176403e+000	7.786412e-003
1.343999999999976e+001	5.186243e+000	7.786563e-003
1.344999999999976e+001	5.196083e+000	7.786714e-003
1.345999999999976e+001	5.205924e+000	7.786865e-003
1.346999999999976e+001	5.215764e+000	7.787016e-003
1.347999999999976e+001	5.225604e+000	7.787166e-003
1.348999999999976e+001	5.235444e+000	7.787317e-003
1.349999999999976e+001	5.245284e+000	7.787468e-003
1.350999999999976e+001	5.255124e+000	7.787619e-003
1.351999999999976e+001	5.264964e+000	7.787770e-003
1.352999999999976e+001	5.274805e+000	7.787921e-003
1.353999999999976e+001	5.284645e+000	7.788071e-003
1.354999999999976e+001	5.294485e+000	7.788222e-003
1.355999999999976e+001	5.304325e+000	7.788373e-003
1.356999999999976e+001	5.314165e+000	7.788524e-003
1.357999999999976e+001	5.324005e+000	7.788674e-003
1.358999999999976e+001	5.333845e+000	7.788825e-003
1.359999999999976e+001	5.343686e+000	7.788976e-003
1.360999999999975e+001	5.353526e+000	7.789127e-003
1.361999999999975e+001	5.363366e+000	7.789277e-003
1.362999999999975e+001	5.373206e+000	7.789428e-003
1.363999999999975e+001	5.383046e+000	7.789579e-003
1.364999999999975e+001	5.392886e+000	7.789730e-003
1.365999999999975e+001	5.402726e+000	7.789881e-003
1.366999999999975e+001	5.412567e+000	7.790032e-003
1.367999999999975e+001	5.422407e+000	7.790182e-003
1.368999999999975e+001	5.432247e+000	7.790333e-003
1.369999999999975e+001	5.442087e+000	7.790484e-003
1.370999999999975e+001	5.451927e+000	7.790635e-003
1.371999999999975e+001	5.461767e+000	7.790786e-003
1.372999999999975e+001	5.471607e+000	7.790937e-003
1.373999999999975e+001	5.481447e+000	7.791087e-003
1.374999999999975e+001	5.491288e+000	7.791238e-003
1.375999999999975e+001	5.501128e+000	7.791389e-003
1.376999999999975e+001	5.510968e+000	7.791540e-003
1.377999999999975e+001	5.520808e+000	7.791691e-003
1.378999999999975e+001	5.530648e+000	7.791841e-003
1.379999999999975e+001	5.540488e+000	7.791992e-003
1.380999999999975e+001	5.550328e+000	7.792143e-003
1.381999999999975e+001	5.560169e+000	7.792294e-003
1.382999999999975e+001	5.570009e+000	7.792444e-003
1.383999999999975e+001	5.579849e+000	7.792595e-003
1.384999999999975e+001	5.589689e+000	7.792746e-003
1.385999999999975e+001	5.599529e+000	7.792897e-003
1.386999999999975e+001	5.609369e+000	7.793048e-003
1.387999999999975e+001	5.619209e+000	7.793198e-003
1.388999999999975e+001	5.629050e+000	7.793349e-003
1.389999999999975e+001	5.638890e+000	7.793500e-003
1.390999999999975e+001	5.648730e+000	7.793651e-003
1.391999999999975e+001	5.658570e+000	7.793802e-003
1.392999999999975e+001	5.668410e+000	7.793953e-003
1.393999999999975e+001	5.678250e+000	7.794104e-003
1.394999999999975e+001	5.688090e+000	7.794254e-003
1.395999999999975e+001	5.697931e+000	7.794405e-003
1.396999999999975e+001	5.707771e+000	7.794556e-003
1.397999999999975e+001	5.717611e+000	7.794707e-003
1.398999999999975e+001	5.727451e+000	7.794857e-003
1.399999999999975e+001	5.737291e+000	7.795008e-003
1.400999999999975e+001	5.747131e+000	7.795159e-003
1.401999999999975e+001	5.756971e+000	7.795310e-003
1.402999999999975e+001	5.766812e+000	7.795461e-003
1.403999999999975e+001	5.776652e+000	7.795611e-003
1.404999999999975e+001	5.786492e+000	7.795762e-003
1.405999999999975e+001	5.796332e+000	7.795913e-003
1.406999999999974e+001	5.806172e+000	7.796064e-003
1.407999999999974e+001	5.816012e+000	7.796214e-003
1.408999999999974e+001	5.825852e+000	7.796365e-003
1.409999999999974e+001	5.835693e+000	7.796516e-003
1.410999999999974e+001	5.845533e+000	7.796667e-003
1.411999999999974e+001	5.855373e+000	7.796818e-003
1.412999999999974e+001	5.865213e+000	7.796969e-003
1.413999999999974e+001	5.875053e+000	7.797120e-003
1.414999999999974e+001	5.884893e+000	7.797270e-003
1.415999999999974e+001	5.894733e+000	7.797421e-003
1.416999999999974e+001	5.904574e+000	7.797572e-003
1.417999999999974e+001	5.914414e+000	7.797723e-003
1.418999999999974e+001	5.924254e+000	7.797874e-003
1.419999999999974e+001	5.934094e+000	7.798024e-003
1.420999999999974e+001	5.943934e+000	7.798175e-003
1.421999999999974e+001	5.953774e+000	7.798326e-003
1.422999999999974e+001	5.963614e+000	7.798477e-003
1.423999999999974e+001	5.973455e+000	7.798627e-003
1.424999999999974e+001	5.983295e+000	7.798778e-003
1.425999999999974e+001	5.993135e+000	7.798929e-003
1.426999999999974e+001	6.002975e+000	7.799080e-003
1.427999999999974e+001	6.012815e+000	7.799231e-003
1.428999999999974e+001	6.022655e+000	7.799381e-003
1.429999999999974e+001	6.032495e+000	7.799532e-003
1.430999999999974e+001	6.042336e+000	7.799683e-003
1.431999999999974e+001	6.052176e+000	7.799834e-003
1.432999999999974e+001	6.062016e+000	7.799985e-003
1.433999999999974e+001	6.071856e+000	7.800136e-003
1.434999999999974e+001	6.081697e+000	7.800286e-003
1.435999999999974e+001	6.091537e+000	7.800437e-003
1.436999999999974e+001	6.101377e+000	7.800588e-003
1.437999999999974e+001	6.111217e+000	7.800739e-003
1.438999999999974e+001	6.121057e+000	7.800890e-003
1.439999999999974e+001	6.130897e+000	7.801041e-003
1.440999999999974e+001	6.140738e+000	7.801191e-003
1.441999999999974e+001	6.150578e+000	7.801342e-003
1.442999999999974e+001	6.160418e+000	7.801493e-003
1.443999999999974e+001	6.170258e+000	7.801644e-003
1.444999999999974e+001	6.180098e+000	7.801794e-003
1.445999999999974e+001	6.189938e+000	7.801945e-003
1.446999999999974e+001	6.199778e+000	7.802096e-003
1.447999999999974e+001	6.209619e+000	7.802247e-003
1.448999999999974e+001	6.219459e+000	7.802397e-003
1.449999999999974e+001	6.229299e+000	7.802548e-003
1.450999999999974e+001	6.239139e+000	7.802699e-003
1.451999999999974e+001	6.248979e+000	7.802850e-003
1.452999999999974e+001	6.258819e+000	7.803001e-003
1.453999999999973e+001	6.268659e+000	7.803151e-003
1.454999999999973e+001	6.278500e+000	7.803302e-003
1.455999999999973e+001	6.288340e+000	7.803453e-003
1.456999999999973e+001	6.298180e+000	7.803604e-003
1.457999999999973e+001	6.308020e+000	7.803755e-003
1.458999999999973e+001	6.317860e+000	7.803906e-003
1.459999999999973e+001	6.327700e+000	7.804057e-003
1.460999999999973e+001	6.337540e+000	7.804207e-003
1.461999999999973e+001	6.347381e+000	7.804358e-003
1.462999999999973e+001	6.357221e+000	7.804509e-003
1.463999999999973e+001	6.367061e+000	7.804660e-003
1.464999999999973e+001	6.376901e+000	7.804811e-003
1.465999999999973e+001	6.386741e+000	7.804961e-003
1.466999999999973e+001	6.396581e+000	7.805112e-003
1.467999999999973e+001	6.406421e+000	7.805263e-003
1.468999999999973e+001	6.416262e+000	7.805414e-003
1.469999999999973e+001	6.426102e+000	7.805564e-003
1.470999999999973e+001	6.435942e+000	7.805715e-003
1.471999999999973e+001	6.445782e+000	7.805866e-003
1.472999999999973e+001	6.455622e+000	7.806017e-003
1.473999999999973e+001	6.465462e+000	7.806167e-003
1.474999999999973e+001	6.475302e+000	7.806318e-003
1.475999999999973e+001	6.485143e+000	7.806469e-003
1.476999999999973e+001	6.494983e+000	7.806620e-003
1.477999999999973e+001	6.504823e+000	7.806771e-003
1.478999999999973e+001	6.514663e+000	7.806922e-003
1.479999999999973e+001	6.524503e+000	7.807072e-003
1.480999999999973e+001	6.534343e+000	7.807223e-003
1.481999999999973e+001	6.544184e+000	7.807374e-003
1.482999999999973e+001	6.554024e+000	7.807525e-003
1.483999999999973e+001	6.563864e+000	7.807676e-003
1.484999999999973e+001	6.573704e+000	7.807827e-003
1.485999999999973e+001	6.583544e+000	7.807977e-003
1.486999999999973e+001	6.593384e+000	7.808128e-003
1.487999999999973e+001	6.603224e+000	7.808279e-003
1.488999999999973e+001	6.613065e+000	7.808430e-003
1.489999999999973e+001	6.622905e+000	7.808581e-003
1.490999999999973e+001	6.632745e+000	7.808731e-003
1.491999999999973e+001	6.642585e+000	7.808882e-003
1.492999999999973e+001	6.652425e+000	7.809033e-003
1.493999999999973e+001	6.662265e+000	7.809184e-003
1.494999999999973e+001	6.672105e+000	7.809334e-003
1.495999999999973e+001	6.681946e+000	7.809485e-003
1.496999999999973e+001	6.691786e+000	7.809636e-003
1.497999999999973e+001	6.701626e+000	7.809787e-003
1.498999999999973e+001	6.711466e+000	7.809937e-003
1.499999999999973e+001	6.721306e+000	7.810088e-003
1.500999999999972e+001	6.731146e+000	7.810239e-003
1.501999999999972e+001	6.740986e+000	7.810390e-003
1.502999999999972e+001	6.750827e+000	7.810541e-003
1.503999999999972e+001	6.760667e+000	7.810692e-003
1.504999999999972e+001	6.770507e+000	7.810842e-003
1.505999999999972e+001	6.780347e+000	7.810993e-003
1.506999999999972e+001	6.790187e+000	7.811144e-003
1.507999999999972e+001	6.800027e+000	7.811295e-003
1.508999999999972e+001	6.809867e+000	7.811446e-003
1.509999999999972e+001	6.819708e+000	7.811597e-003
1.510999999999972e+001	6.829548e+000	7.811747e-003
1.511999999999972e+001	6.839388e+000	7.811898e-003
1.512999999999972e+001	6.849228e+000	7.812049e-003
1.513999999999972e+001	6.859068e+000	7.812200e-003
1.514999999999972e+001	6.868908e+000	7.812351e-003
1.515999999999972e+001	6.878748e+000	7.812501e-003
1.516999999999972e+001	6.888589e+000	7.812652e-003
1.517999999999972e+001	6.898429e+000	7.812803e-003
1.518999999999972e+001	6.908269e+000	7.812954e-003
1.519999999999972e+001	6.918109e+000	7.813104e-003
1.520999999999972e+001	6.927949e+000	7.813255e-003
1.521999999999972e+001	6.937789e+000	7.813406e-003
1.522999999999972e+001	6.947630e+000	7.813557e-003
1.523999999999972e+001	6.957470e+000	7.813708e-003
1.524999999999972e+001	6.967310e+000	7.813859e-003
1.525999999999972e+001	6.977150e+000	7.814010e-003
1.526999999999972e+001	6.986990e+000	7.814160e-003
1.527999999999972e+001	6.996830e+000	7.814310e-003
1.528999999999972e+001	7.006670e+000	7.814461e-003
1.529999999999972e+001	7.016511e+000	7.814612e-003
1.530999999999972e+001	7.026351e+000	7.814763e-003
1.531999999999972e+001	7.036191e+000	7.814914e-003
1.532999999999972e+001	7.046031e+000	7.815065e-003
1.533999999999972e+001	7.055871e+000	7.815216e-003
1.534999999999972e+001	7.065711e+000	7.815367e-003
1.535999999999972e+001	7.075552e+000	7.815517e-003
1.536999999999972e+001	7.085392e+000	7.815668e-003
1.537999999999972e+001	7.095232e+000	7.815819e-003
1.538999999999972e+001	7.105072e+000	7.815970e-003
1.539999999999972e+001	7.114913e+000	7.816120e-003
1.540999999999972e+001	7.124753e+000	7.816271e-003
1.541999999999972e+001	7.134593e+000	7.816422e-003
1.542999999999972e+001	7.144433e+000	7.816573e-003
1.543999999999972e+001	7.154273e+000	7.816724e-003
1.544999999999972e+001	7.164113e+000	7.816874e-003
1.545999999999972e+001	7.173953e+000	7.817025e-003
1.546999999999972e+001	7.183794e+000	7.817176e-003
1.547999999999971e+001	7.193634e+000	7.817327e-003
1.548999999999971e+001	7.203474e+000	7.817478e-003
1.549999999999971e+001	7.213314e+000	7.817629e-003
1.550999999999971e+001	7.223154e+000	7.817780e-003
1.551999999999971e+001	7.232994e+000	7.817930e-003
1.552999999999971e+001	7.242834e+000	7.818080e-003
1.553999999999971e+001	7.252675e+000	7.818231e-003
1.554999999999971e+001	7.262515e+000	7.818382e-003
1.555999999999971e+001	7.272355e+000	7.818533e-003
1.556999999999971e+001	7.282195e+000	7.818684e-003
1.557999999999971e+001	7.292035e+000	7.818835e-003
1.558999999999971e+001	7.301875e+000	7.818986e-003
1.559999999999971e+001	7.311715e+000	7.819137e-003
1.560999999999971e+001	7.321556e+000	7.819287e-003
1.561999999999971e+001	7.331396e+000	7.819438e-003
1.562999999999971e+001	7.341236e+000	7.819589e-003
1.563999999999971e+001	7.351076e+000	7.819740e-003
1.564999999999971e+001	7.360916e+000	7.819890e-003
1.565999999999971e+001	7.370756e+000	7.820041e-003
1.566999999999971e+001	7.380597e+000	7.820192e-003
1.567999999999971e+001	7.390437e+000	7.820343e-003
1.568999999999971e+001	7.400277e+000	7.820494e-003
1.569999999999971e+001	7.410117e+000	7.820644e-003
1.570999999999971e+001	7.419957e+000	7.820795e-003
1.571999999999971e+001	7.429797e+000	7.820946e-003
1.572999999999971e+001	7.439637e+000	7.821097e-003
1.573999999999971e+001	7.449478e+000	7.821248e-003
1.574999999999971e+001	7.459318e+000	7.821399e-003
1.575999999999971e+001	7.469158e+000	7.821550e-003
1.576999999999971e+001	7.478998e+000	7.821700e-003
1.577999999999971e+001	7.488838e+000	7.821850e-003
1.578999999999971e+001	7.498678e+000	7.822001e-003
1.579999999999971e+001	7.508518e+000	7.822152e-003
1.580999999999971e+001	7.518359e+000	7.822303e-003
1.581999999999971e+001	7.528199e+000	7.822454e-003
1.582999999999971e+001	7.538039e+000	7.822605e-003
1.583999999999971e+001	7.547879e+000	7.822756e-003
1.584999999999971e+001	7.557719e+000	7.822907e-003
1.585999999999971e+001	7.567559e+000	7.823057e-003
1.586999999999971e+001	7.577400e+000	7.823208e-003
1.587999999999971e+001	7.587240e+000	7.823359e-003
1.588999999999971e+001	7.597080e+000	7.823509e-003
1.589999999999971e+001	7.606920e+000	7.823660e-003
1.590999999999971e+001	7.616760e+000	7.823811e-003
1.591999999999971e+001	7.626600e+000	7.823962e-003
1.592999999999971e+001	7.636440e+000	7.824113e-003
1.593999999999971e+001	7.646281e+000	7.824264e-003
1.594999999999970e+001	7.656121e+000	7.824414e-003
1.595999999999970e+001	7.665961e+000	7.824565e-003
1.596999999999970e+001	7.675801e+000	7.824716e-003
1.597999999999970e+001	7.685641e+000	7.824867e-003
1.598999999999970e+001	7.695481e+000	7.825018e-003
1.600000000000000e+001	7.705321e+000	7.825169e-003
