vin	V(be)	Ib(Q1)	Ic(Q1)	Ic(Q1)/Ib(Q1)
0.000000000000000e+000	1.114460e-009	-5.065728e-012	5.091875e-012	-1.005162e+000
5.000000000000000e-003	5.000001e-003	-5.055237e-012	5.092920e-012	-1.007454e+000
1.000000000000000e-002	1.000000e-002	-5.044678e-012	5.093964e-012	-1.009770e+000
1.500000000000000e-002	1.500000e-002	-5.034043e-012	5.097099e-012	-1.012526e+000
2.000000000000000e-002	2.000000e-002	-5.023326e-012	5.101279e-012	-1.015518e+000
2.500000000000000e-002	2.500000e-002	-5.012504e-012	5.108593e-012	-1.019170e+000
3.000000000000000e-002	3.000000e-002	-5.001569e-012	5.116952e-012	-1.023070e+000
3.500000000000000e-002	3.500000e-002	-4.990508e-012	5.129491e-012	-1.027850e+000
4.000000000000000e-002	4.000000e-002	-4.979309e-012	5.145166e-012	-1.033309e+000
4.500000000000000e-002	4.500000e-002	-4.967936e-012	5.165019e-012	-1.039671e+000
5.000000000000000e-002	5.000000e-002	-4.956376e-012	5.191142e-012	-1.047367e+000
5.499999999999999e-002	5.500000e-002	-4.944593e-012	5.223534e-012	-1.056413e+000
5.999999999999999e-002	6.000000e-002	-4.932568e-012	5.263241e-012	-1.067039e+000
6.499999999999999e-002	6.500000e-002	-4.920273e-012	5.311307e-012	-1.079474e+000
6.999999999999999e-002	7.000000e-002	-4.907616e-012	5.372957e-012	-1.094820e+000
7.500000000000000e-002	7.500000e-002	-4.894640e-012	5.447146e-012	-1.112880e+000
8.000000000000000e-002	8.000000e-002	-4.881234e-012	5.538054e-012	-1.134560e+000
8.500000000000001e-002	8.500000e-002	-4.867329e-012	5.649859e-012	-1.160772e+000
9.000000000000001e-002	9.000000e-002	-4.852882e-012	5.785699e-012	-1.192219e+000
9.500000000000002e-002	9.500000e-002	-4.837797e-012	5.952885e-012	-1.230495e+000
1.000000000000000e-001	1.000000e-001	-4.822004e-012	6.153509e-012	-1.276131e+000
1.050000000000000e-001	1.050000e-001	-4.805392e-012	6.400109e-012	-1.331860e+000
1.100000000000000e-001	1.100000e-001	-4.787809e-012	6.698955e-012	-1.399169e+000
1.150000000000000e-001	1.150000e-001	-4.769171e-012	7.062586e-012	-1.480883e+000
1.200000000000000e-001	1.200000e-001	-4.749270e-012	7.502495e-012	-1.579715e+000
1.250000000000000e-001	1.250000e-001	-4.727940e-012	8.037493e-012	-1.699999e+000
1.300000000000000e-001	1.300000e-001	-4.704959e-012	8.686385e-012	-1.846219e+000
1.350000000000000e-001	1.350000e-001	-4.680090e-012	9.473207e-012	-2.024151e+000
1.400000000000000e-001	1.400000e-001	-4.653028e-012	1.042617e-011	-2.240728e+000
1.450000000000001e-001	1.450000e-001	-4.623468e-012	1.158394e-011	-2.505465e+000
1.500000000000001e-001	1.500000e-001	-4.590966e-012	1.298412e-011	-2.828190e+000
1.550000000000001e-001	1.550000e-001	-4.555162e-012	1.468316e-011	-3.223411e+000
1.600000000000001e-001	1.600000e-001	-4.515444e-012	1.674060e-011	-3.707409e+000
1.650000000000001e-001	1.650000e-001	-4.471229e-012	1.923377e-011	-4.301673e+000
1.700000000000001e-001	1.700000e-001	-4.421880e-012	2.225462e-011	-5.032841e+000
1.750000000000001e-001	1.750000e-001	-4.366535e-012	2.591391e-011	-5.934663e+000
1.800000000000001e-001	1.800000e-001	-4.304168e-012	3.034644e-011	-7.050478e+000
1.850000000000001e-001	1.850000e-001	-4.233724e-012	3.571627e-011	-8.436134e+000
1.900000000000001e-001	1.900000e-001	-4.153844e-012	4.222087e-011	-1.016429e+001
1.950000000000001e-001	1.950000e-001	-4.063055e-012	5.009849e-011	-1.233025e+001
2.000000000000001e-001	2.000000e-001	-3.959499e-012	5.964066e-011	-1.506268e+001
2.050000000000001e-001	2.050000e-001	-3.841122e-012	7.119847e-011	-1.853585e+001
2.100000000000001e-001	2.100000e-001	-3.705314e-012	8.519616e-011	-2.299297e+001
2.150000000000001e-001	2.150000e-001	-3.549244e-012	1.021499e-010	-2.878075e+001
2.200000000000001e-001	2.200000e-001	-3.369527e-012	1.226846e-010	-3.641004e+001
2.250000000000001e-001	2.250000e-001	-3.161971e-012	1.475546e-010	-4.666541e+001
2.300000000000001e-001	2.300000e-001	-2.921829e-012	1.776754e-010	-6.080964e+001
2.350000000000001e-001	2.350000e-001	-2.643441e-012	2.141544e-010	-8.101351e+001
2.400000000000001e-001	2.400000e-001	-2.320200e-012	2.583366e-010	-1.113424e+002
2.450000000000001e-001	2.450000e-001	-1.944139e-012	3.118457e-010	-1.604030e+002
2.500000000000001e-001	2.500000e-001	-1.505795e-012	3.766503e-010	-2.501338e+002
2.550000000000001e-001	2.550000e-001	-9.941492e-013	4.551371e-010	-4.578157e+002
2.600000000000001e-001	2.600000e-001	-3.960166e-013	5.501921e-010	-1.389316e+003
2.650000000000001e-001	2.650000e-001	3.044787e-013	6.653136e-010	2.185091e+003
2.700000000000001e-001	2.700000e-001	1.125655e-012	8.047367e-010	7.149052e+002
2.750000000000001e-001	2.750000e-001	2.090050e-012	9.735930e-010	4.658227e+002
2.800000000000001e-001	2.800000e-001	3.223977e-012	1.178092e-009	3.654159e+002
2.850000000000001e-001	2.850000e-001	4.558798e-012	1.425763e-009	3.127497e+002
2.900000000000002e-001	2.900000e-001	6.132483e-012	1.725714e-009	2.814054e+002
2.950000000000002e-001	2.950000e-001	7.989609e-012	2.088983e-009	2.614625e+002
3.000000000000002e-001	3.000000e-001	1.018413e-011	2.528936e-009	2.483212e+002
3.050000000000002e-001	3.050000e-001	1.278011e-011	3.061760e-009	2.395723e+002
3.100000000000002e-001	3.100000e-001	1.585426e-011	3.707057e-009	2.338209e+002
3.150000000000002e-001	3.150000e-001	1.949868e-011	4.488572e-009	2.301987e+002
3.200000000000002e-001	3.200000e-001	2.382350e-011	5.435056e-009	2.281385e+002
3.250000000000002e-001	3.250000e-001	2.896072e-011	6.581335e-009	2.272504e+002
3.300000000000002e-001	3.300000e-001	3.506900e-011	7.969581e-009	2.272543e+002
3.350000000000002e-001	3.350000e-001	4.233830e-011	9.650871e-009	2.279466e+002
3.400000000000002e-001	3.400000e-001	5.099704e-011	1.168706e-008	2.291714e+002
3.450000000000002e-001	3.450000e-001	6.131951e-011	1.415307e-008	2.308086e+002
3.500000000000002e-001	3.500000e-001	7.363543e-011	1.713962e-008	2.327633e+002
3.550000000000002e-001	3.550000e-001	8.834133e-011	2.075659e-008	2.349590e+002
3.600000000000002e-001	3.600000e-001	1.059139e-010	2.513706e-008	2.373347e+002
3.650000000000002e-001	3.650000e-001	1.269276e-010	3.044217e-008	2.398389e+002
3.700000000000002e-001	3.700000e-001	1.520731e-010	3.686711e-008	2.424302e+002
3.750000000000002e-001	3.750000e-001	1.821828e-010	4.464825e-008	2.450738e+002
3.800000000000002e-001	3.800000e-001	2.182595e-010	5.407183e-008	2.477410e+002
3.850000000000002e-001	3.849999e-001	2.615117e-010	6.548453e-008	2.504076e+002
3.900000000000002e-001	3.899999e-001	3.133962e-010	7.930619e-008	2.530541e+002
3.950000000000002e-001	3.949999e-001	3.756698e-010	9.604525e-008	2.556640e+002
4.000000000000002e-001	3.999999e-001	4.504515e-010	1.163174e-007	2.582241e+002
4.050000000000003e-001	4.049999e-001	5.402981e-010	1.408684e-007	2.607235e+002
4.100000000000003e-001	4.099998e-001	6.482953e-010	1.706012e-007	2.631535e+002
4.150000000000003e-001	4.149998e-001	7.781675e-010	2.066093e-007	2.655075e+002
4.200000000000003e-001	4.199998e-001	9.344114e-010	2.502169e-007	2.677802e+002
4.250000000000003e-001	4.249997e-001	1.122457e-009	3.030275e-007	2.699679e+002
4.300000000000003e-001	4.299997e-001	1.348864e-009	3.669829e-007	2.720680e+002
4.350000000000003e-001	4.349996e-001	1.621556e-009	4.444341e-007	2.740788e+002
4.400000000000003e-001	4.399996e-001	1.950105e-009	5.382281e-007	2.759995e+002
4.450000000000003e-001	4.449995e-001	2.346081e-009	6.518113e-007	2.778299e+002
4.500000000000003e-001	4.499994e-001	2.823465e-009	7.893569e-007	2.795703e+002
4.550000000000003e-001	4.549992e-001	3.399158e-009	9.559166e-007	2.812216e+002
4.600000000000003e-001	4.599991e-001	4.093591e-009	1.157605e-006	2.827848e+002
4.650000000000003e-001	4.649989e-001	4.931467e-009	1.401825e-006	2.842612e+002
4.700000000000003e-001	4.699987e-001	5.942656e-009	1.697532e-006	2.856522e+002
4.750000000000003e-001	4.749984e-001	7.163277e-009	2.055567e-006	2.869590e+002
4.800000000000003e-001	4.799981e-001	8.637015e-009	2.489041e-006	2.881831e+002
4.850000000000003e-001	4.849977e-001	1.041670e-008	3.013816e-006	2.893254e+002
4.900000000000003e-001	4.899972e-001	1.256624e-008	3.649071e-006	2.903868e+002
4.950000000000003e-001	4.949967e-001	1.516294e-008	4.417989e-006	2.913676e+002
5.000000000000003e-001	4.999960e-001	1.830029e-008	5.348584e-006	2.922677e+002
5.050000000000003e-001	5.049952e-001	2.209141e-008	6.474691e-006	2.930864e+002
5.100000000000003e-001	5.099941e-001	2.667311e-008	7.837149e-006	2.938221e+002
5.150000000000004e-001	5.149929e-001	3.221091e-008	9.485222e-006	2.944723e+002
5.200000000000004e-001	5.199915e-001	3.890501e-008	1.147828e-005	2.950334e+002
5.250000000000004e-001	5.249897e-001	4.699757e-008	1.388779e-005	2.955002e+002
5.300000000000004e-001	5.299875e-001	5.678144e-008	1.679970e-005	2.958661e+002
5.350000000000004e-001	5.349849e-001	6.861080e-008	2.031720e-005	2.961225e+002
5.400000000000004e-001	5.399818e-001	8.291386e-008	2.456393e-005	2.962584e+002
5.450000000000004e-001	5.449780e-001	1.002083e-007	2.968773e-005	2.962602e+002
5.500000000000004e-001	5.499734e-001	1.211198e-007	3.586489e-005	2.961110e+002
5.550000000000004e-001	5.549678e-001	1.464041e-007	4.330491e-005	2.957903e+002
5.600000000000004e-001	5.599611e-001	1.769742e-007	5.225576e-005	2.952734e+002
5.650000000000004e-001	5.649529e-001	2.139321e-007	6.300951e-005	2.945305e+002
5.700000000000004e-001	5.699431e-001	2.586072e-007	7.590806e-005	2.935265e+002
5.750000000000004e-001	5.749312e-001	3.126026e-007	9.134876e-005	2.922201e+002
5.800000000000004e-001	5.799169e-001	3.778493e-007	1.097892e-004	2.905633e+002
5.850000000000004e-001	5.848995e-001	4.566712e-007	1.317503e-004	2.885014e+002
5.900000000000004e-001	5.898786e-001	5.518622e-007	1.578172e-004	2.859722e+002
5.950000000000004e-001	5.948533e-001	6.667761e-007	1.886357e-004	2.829071e+002
6.000000000000004e-001	5.995123e-001	2.216935e-006	2.143557e-004	9.669012e+001
6.050000000000004e-001	6.033925e-001	7.306973e-006	2.159922e-004	2.955973e+001
6.100000000000004e-001	6.071423e-001	1.298965e-005	2.165731e-004	1.667274e+001
6.150000000000004e-001	6.107653e-001	1.924837e-005	2.169055e-004	1.126877e+001
6.200000000000004e-001	6.142579e-001	2.610045e-005	2.171263e-004	8.318870e+000
6.250000000000004e-001	6.176174e-001	3.355753e-005	2.172845e-004	6.474987e+000
6.300000000000005e-001	6.208428e-001	4.162400e-005	2.174033e-004	5.223028e+000
6.350000000000005e-001	6.239346e-001	5.029753e-005	2.174953e-004	4.324175e+000
6.400000000000005e-001	6.268948e-001	5.956984e-005	2.175683e-004	3.652323e+000
6.450000000000005e-001	6.297261e-001	6.942763e-005	2.176271e-004	3.134590e+000
6.500000000000005e-001	6.324323e-001	7.985358e-005	2.176753e-004	2.725931e+000
6.550000000000005e-001	6.350181e-001	9.082726e-005	2.177153e-004	2.397026e+000
6.600000000000005e-001	6.374884e-001	1.023260e-004	2.177488e-004	2.127990e+000
6.650000000000005e-001	6.398484e-001	1.143258e-004	2.177770e-004	1.904880e+000
6.700000000000005e-001	6.421037e-001	1.268019e-004	2.178011e-004	1.717649e+000
6.750000000000005e-001	6.442597e-001	1.397292e-004	2.178218e-004	1.558885e+000
6.800000000000005e-001	6.463218e-001	1.530831e-004	2.178396e-004	1.423015e+000
6.850000000000005e-001	6.482955e-001	1.668393e-004	2.178551e-004	1.305778e+000
6.900000000000005e-001	6.501857e-001	1.809745e-004	2.178686e-004	1.203863e+000
6.950000000000005e-001	6.519974e-001	1.954664e-004	2.178804e-004	1.114669e+000
7.000000000000005e-001	6.537355e-001	2.102937e-004	2.178908e-004	1.036127e+000
7.050000000000005e-001	6.554041e-001	2.254362e-004	2.179001e-004	9.665708e-001
7.100000000000005e-001	6.570075e-001	2.408751e-004	2.179083e-004	9.046523e-001
7.150000000000005e-001	6.585497e-001	2.565926e-004	2.179155e-004	8.492665e-001
7.200000000000005e-001	6.600342e-001	2.725721e-004	2.179220e-004	7.995023e-001
7.250000000000005e-001	6.614645e-001	2.887980e-004	2.179279e-004	7.546030e-001
7.300000000000005e-001	6.628438e-001	3.052559e-004	2.179331e-004	7.139358e-001
7.350000000000005e-001	6.641750e-001	3.219322e-004	2.179378e-004	6.769681e-001
7.400000000000006e-001	6.654609e-001	3.388144e-004	2.179421e-004	6.432492e-001
7.450000000000006e-001	6.667041e-001	3.558907e-004	2.179459e-004	6.123955e-001
7.500000000000006e-001	6.679069e-001	3.731504e-004	2.179494e-004	5.840791e-001
7.550000000000006e-001	6.690717e-001	3.905832e-004	2.179525e-004	5.580180e-001
7.600000000000006e-001	6.702005e-001	4.081799e-004	2.179553e-004	5.339689e-001
7.650000000000006e-001	6.712951e-001	4.259314e-004	2.179579e-004	5.117207e-001
7.700000000000006e-001	6.723574e-001	4.438298e-004	2.179603e-004	4.910898e-001
7.750000000000006e-001	6.733892e-001	4.618674e-004	2.179624e-004	4.719156e-001
7.800000000000006e-001	6.743919e-001	4.800370e-004	2.179644e-004	4.540574e-001
7.850000000000006e-001	6.753669e-001	4.983321e-004	2.179661e-004	4.373913e-001
7.900000000000006e-001	6.763158e-001	5.167464e-004	2.179677e-004	4.218079e-001
7.950000000000006e-001	6.772397e-001	5.352742e-004	2.179692e-004	4.072104e-001
8.000000000000006e-001	6.781398e-001	5.539100e-004	2.179705e-004	3.935125e-001
8.050000000000006e-001	6.790173e-001	5.726487e-004	2.179717e-004	3.806377e-001
8.100000000000006e-001	6.798732e-001	5.914857e-004	2.179728e-004	3.685175e-001
8.150000000000006e-001	6.807084e-001	6.104165e-004	2.179738e-004	3.570903e-001
8.200000000000006e-001	6.815239e-001	6.294367e-004	2.179747e-004	3.463012e-001
8.250000000000006e-001	6.823206e-001	6.485427e-004	2.179755e-004	3.361005e-001
8.300000000000006e-001	6.830993e-001	6.677305e-004	2.179762e-004	3.264434e-001
8.350000000000006e-001	6.838607e-001	6.869968e-004	2.179769e-004	3.172895e-001
8.400000000000006e-001	6.846056e-001	7.063383e-004	2.179774e-004	3.086020e-001
8.450000000000006e-001	6.853346e-001	7.257519e-004	2.179780e-004	3.003477e-001
8.500000000000006e-001	6.860484e-001	7.452347e-004	2.179784e-004	2.924963e-001
8.550000000000007e-001	6.867476e-001	7.647839e-004	2.179788e-004	2.850201e-001
8.600000000000007e-001	6.874327e-001	7.843969e-004	2.179791e-004	2.778939e-001
8.650000000000007e-001	6.881043e-001	8.040713e-004	2.179794e-004	2.710947e-001
8.700000000000007e-001	6.887630e-001	8.238046e-004	2.179797e-004	2.646012e-001
8.750000000000007e-001	6.894091e-001	8.435949e-004	2.179799e-004	2.583940e-001
8.800000000000007e-001	6.900432e-001	8.634399e-004	2.179801e-004	2.524554e-001
8.850000000000007e-001	6.906657e-001	8.833376e-004	2.179802e-004	2.467688e-001
8.900000000000007e-001	6.912770e-001	9.032862e-004	2.179803e-004	2.413191e-001
8.950000000000007e-001	6.918775e-001	9.232839e-004	2.179803e-004	2.360924e-001
9.000000000000007e-001	6.924676e-001	9.433290e-004	2.179803e-004	2.310756e-001
9.050000000000007e-001	6.930476e-001	9.634199e-004	2.179803e-004	2.262568e-001
9.100000000000007e-001	6.936179e-001	9.835550e-004	2.179803e-004	2.216249e-001
9.150000000000007e-001	6.941788e-001	1.003733e-003	2.179802e-004	2.171696e-001
9.200000000000007e-001	6.947306e-001	1.023952e-003	2.179802e-004	2.128812e-001
9.250000000000007e-001	6.952735e-001	1.044211e-003	2.179801e-004	2.087509e-001
9.300000000000007e-001	6.958079e-001	1.064509e-003	2.179799e-004	2.047703e-001
9.350000000000007e-001	6.963341e-001	1.084845e-003	2.179798e-004	2.009318e-001
9.400000000000007e-001	6.968523e-001	1.105217e-003	2.179796e-004	1.972279e-001
9.450000000000007e-001	6.973627e-001	1.125624e-003	2.179794e-004	1.936521e-001
9.500000000000007e-001	6.978656e-001	1.146065e-003	2.179792e-004	1.901979e-001
9.550000000000007e-001	6.983612e-001	1.166540e-003	2.179790e-004	1.868594e-001
9.600000000000007e-001	6.988497e-001	1.187047e-003	2.179787e-004	1.836311e-001
9.650000000000008e-001	6.993313e-001	1.207585e-003	2.179785e-004	1.805078e-001
9.700000000000008e-001	6.998063e-001	1.228153e-003	2.179782e-004	1.774845e-001
9.750000000000008e-001	7.002747e-001	1.248751e-003	2.179779e-004	1.745567e-001
9.800000000000008e-001	7.007368e-001	1.269378e-003	2.179776e-004	1.717200e-001
9.850000000000008e-001	7.011928e-001	1.290033e-003	2.179773e-004	1.689704e-001
9.900000000000008e-001	7.016428e-001	1.310715e-003	2.179770e-004	1.663039e-001
9.950000000000008e-001	7.020870e-001	1.331423e-003	2.179766e-004	1.637171e-001
1.000000000000001e+000	7.025255e-001	1.352157e-003	2.179763e-004	1.612064e-001
1.005000000000001e+000	7.029585e-001	1.372916e-003	2.179759e-004	1.587686e-001
1.010000000000001e+000	7.033861e-001	1.393699e-003	2.179756e-004	1.564007e-001
1.015000000000000e+000	7.038085e-001	1.414506e-003	2.179752e-004	1.540998e-001
1.020000000000000e+000	7.042259e-001	1.435337e-003	2.179748e-004	1.518632e-001
1.025000000000000e+000	7.046382e-001	1.456190e-003	2.179744e-004	1.496882e-001
1.030000000000000e+000	7.050457e-001	1.477065e-003	2.179740e-004	1.475724e-001
1.035000000000000e+000	7.054485e-001	1.497961e-003	2.179736e-004	1.455135e-001
1.040000000000000e+000	7.058466e-001	1.518879e-003	2.179731e-004	1.435092e-001
1.045000000000000e+000	7.062403e-001	1.539817e-003	2.179727e-004	1.415575e-001
1.050000000000000e+000	7.066295e-001	1.560775e-003	2.179723e-004	1.396565e-001
1.055000000000000e+000	7.070145e-001	1.581752e-003	2.179718e-004	1.378040e-001
1.059999999999999e+000	7.073953e-001	1.602749e-003	2.179714e-004	1.359984e-001
1.064999999999999e+000	7.077719e-001	1.623764e-003	2.179709e-004	1.342380e-001
1.069999999999999e+000	7.081445e-001	1.644798e-003	2.179705e-004	1.325212e-001
1.074999999999999e+000	7.085133e-001	1.665849e-003	2.179700e-004	1.308462e-001
1.079999999999999e+000	7.088782e-001	1.686917e-003	2.179695e-004	1.292117e-001
1.084999999999999e+000	7.092394e-001	1.708003e-003	2.179690e-004	1.276163e-001
1.089999999999999e+000	7.095969e-001	1.729105e-003	2.179686e-004	1.260586e-001
1.094999999999999e+000	7.099507e-001	1.750224e-003	2.179681e-004	1.245373e-001
1.099999999999999e+000	7.103012e-001	1.771358e-003	2.179676e-004	1.230511e-001
1.104999999999998e+000	7.106481e-001	1.792509e-003	2.179671e-004	1.215989e-001
1.109999999999998e+000	7.109917e-001	1.813674e-003	2.179666e-004	1.201796e-001
1.114999999999998e+000	7.113321e-001	1.834854e-003	2.179661e-004	1.187920e-001
1.119999999999998e+000	7.116691e-001	1.856049e-003	2.179655e-004	1.174352e-001
1.124999999999998e+000	7.120031e-001	1.877259e-003	2.179650e-004	1.161081e-001
1.129999999999998e+000	7.123339e-001	1.898482e-003	2.179645e-004	1.148099e-001
1.134999999999998e+000	7.126617e-001	1.919719e-003	2.179640e-004	1.135395e-001
1.139999999999998e+000	7.129866e-001	1.940970e-003	2.179634e-004	1.122961e-001
1.144999999999998e+000	7.133085e-001	1.962234e-003	2.179629e-004	1.110790e-001
1.149999999999998e+000	7.136275e-001	1.983511e-003	2.179624e-004	1.098871e-001
1.154999999999997e+000	7.139438e-001	2.004801e-003	2.179618e-004	1.087199e-001
1.159999999999997e+000	7.142573e-001	2.026103e-003	2.179613e-004	1.075766e-001
1.164999999999997e+000	7.145681e-001	2.047418e-003	2.179608e-004	1.064564e-001
1.169999999999997e+000	7.148762e-001	2.068744e-003	2.179602e-004	1.053587e-001
1.174999999999997e+000	7.151818e-001	2.090083e-003	2.179597e-004	1.042828e-001
1.179999999999997e+000	7.154848e-001	2.111433e-003	2.179591e-004	1.032281e-001
1.184999999999997e+000	7.157853e-001	2.132794e-003	2.179586e-004	1.021939e-001
1.189999999999997e+000	7.160833e-001	2.154167e-003	2.179580e-004	1.011797e-001
1.194999999999997e+000	7.163790e-001	2.175550e-003	2.179574e-004	1.001850e-001
1.199999999999996e+000	7.166722e-001	2.196944e-003	2.179569e-004	9.920910e-002
1.204999999999996e+000	7.169632e-001	2.218349e-003	2.179563e-004	9.825157e-002
1.209999999999996e+000	7.172518e-001	2.239765e-003	2.179557e-004	9.731189e-002
1.214999999999996e+000	7.175382e-001	2.261190e-003	2.179552e-004	9.638958e-002
1.219999999999996e+000	7.178224e-001	2.282626e-003	2.179546e-004	9.548416e-002
1.224999999999996e+000	7.181044e-001	2.304071e-003	2.179540e-004	9.459518e-002
1.229999999999996e+000	7.183842e-001	2.325526e-003	2.179534e-004	9.372221e-002
1.234999999999996e+000	7.186620e-001	2.346991e-003	2.179529e-004	9.286480e-002
1.239999999999996e+000	7.189377e-001	2.368465e-003	2.179523e-004	9.202259e-002
1.244999999999995e+000	7.192113e-001	2.389949e-003	2.179517e-004	9.119514e-002
1.249999999999995e+000	7.194830e-001	2.411441e-003	2.179511e-004	9.038211e-002
1.254999999999995e+000	7.197527e-001	2.432942e-003	2.179505e-004	8.958311e-002
1.259999999999995e+000	7.200205e-001	2.454452e-003	2.179499e-004	8.879779e-002
1.264999999999995e+000	7.202863e-001	2.475971e-003	2.179494e-004	8.802580e-002
1.269999999999995e+000	7.205503e-001	2.497499e-003	2.179488e-004	8.726683e-002
1.274999999999995e+000	7.208124e-001	2.519034e-003	2.179482e-004	8.652053e-002
1.279999999999995e+000	7.210728e-001	2.540578e-003	2.179476e-004	8.578661e-002
1.284999999999995e+000	7.213314e-001	2.562130e-003	2.179470e-004	8.506475e-002
1.289999999999995e+000	7.215881e-001	2.583690e-003	2.179464e-004	8.435468e-002
1.294999999999994e+000	7.218432e-001	2.605258e-003	2.179458e-004	8.365612e-002
1.299999999999994e+000	7.220965e-001	2.626834e-003	2.179452e-004	8.296878e-002
1.304999999999994e+000	7.223482e-001	2.648417e-003	2.179446e-004	8.229239e-002
1.309999999999994e+000	7.225982e-001	2.670008e-003	2.179440e-004	8.162672e-002
1.314999999999994e+000	7.228466e-001	2.691606e-003	2.179434e-004	8.097150e-002
1.319999999999994e+000	7.230934e-001	2.713212e-003	2.179428e-004	8.032649e-002
1.324999999999994e+000	7.233385e-001	2.734825e-003	2.179422e-004	7.969147e-002
1.329999999999994e+000	7.235822e-001	2.756445e-003	2.179416e-004	7.906620e-002
1.334999999999994e+000	7.238243e-001	2.778071e-003	2.179410e-004	7.845046e-002
1.339999999999993e+000	7.240649e-001	2.799705e-003	2.179404e-004	7.784405e-002
1.344999999999993e+000	7.243040e-001	2.821346e-003	2.179398e-004	7.724675e-002
1.349999999999993e+000	7.245416e-001	2.842993e-003	2.179392e-004	7.665836e-002
1.354999999999993e+000	7.247778e-001	2.864646e-003	2.179386e-004	7.607869e-002
1.359999999999993e+000	7.250125e-001	2.886307e-003	2.179380e-004	7.550755e-002
1.364999999999993e+000	7.252458e-001	2.907973e-003	2.179373e-004	7.494475e-002
1.369999999999993e+000	7.254778e-001	2.929647e-003	2.179367e-004	7.439011e-002
1.374999999999993e+000	7.257083e-001	2.951326e-003	2.179361e-004	7.384346e-002
1.379999999999993e+000	7.259375e-001	2.973011e-003	2.179355e-004	7.330463e-002
1.384999999999993e+000	7.261654e-001	2.994703e-003	2.179349e-004	7.277346e-002
1.389999999999992e+000	7.263920e-001	3.016400e-003	2.179343e-004	7.224979e-002
1.394999999999992e+000	7.266172e-001	3.038103e-003	2.179337e-004	7.173346e-002
1.399999999999992e+000	7.268412e-001	3.059813e-003	2.179330e-004	7.122430e-002
1.404999999999992e+000	7.270639e-001	3.081528e-003	2.179324e-004	7.072220e-002
1.409999999999992e+000	7.272854e-001	3.103248e-003	2.179318e-004	7.022700e-002
1.414999999999992e+000	7.275056e-001	3.124975e-003	2.179312e-004	6.973854e-002
1.419999999999992e+000	7.277246e-001	3.146706e-003	2.179306e-004	6.925672e-002
1.424999999999992e+000	7.279424e-001	3.168444e-003	2.179299e-004	6.878139e-002
1.429999999999992e+000	7.281590e-001	3.190186e-003	2.179293e-004	6.831242e-002
1.434999999999991e+000	7.283745e-001	3.211934e-003	2.179287e-004	6.784968e-002
1.439999999999991e+000	7.285888e-001	3.233687e-003	2.179281e-004	6.739306e-002
1.444999999999991e+000	7.288019e-001	3.255446e-003	2.179275e-004	6.694244e-002
1.449999999999991e+000	7.290139e-001	3.277209e-003	2.179268e-004	6.649769e-002
1.454999999999991e+000	7.292249e-001	3.298978e-003	2.179262e-004	6.605871e-002
1.459999999999991e+000	7.294347e-001	3.320751e-003	2.179256e-004	6.562539e-002
1.464999999999991e+000	7.296434e-001	3.342530e-003	2.179250e-004	6.519762e-002
1.469999999999991e+000	7.298510e-001	3.364313e-003	2.179244e-004	6.477529e-002
1.474999999999991e+000	7.300576e-001	3.386102e-003	2.179237e-004	6.435830e-002
1.479999999999990e+000	7.302632e-001	3.407895e-003	2.179231e-004	6.394655e-002
1.484999999999990e+000	7.304677e-001	3.429692e-003	2.179225e-004	6.353995e-002
1.489999999999990e+000	7.306712e-001	3.451495e-003	2.179219e-004	6.313840e-002
1.494999999999990e+000	7.308736e-001	3.473302e-003	2.179212e-004	6.274181e-002
1.499999999999990e+000	7.310751e-001	3.495113e-003	2.179206e-004	6.235008e-002
1.504999999999990e+000	7.312756e-001	3.516929e-003	2.179200e-004	6.196314e-002
1.509999999999990e+000	7.314751e-001	3.538749e-003	2.179194e-004	6.158089e-002
1.514999999999990e+000	7.316737e-001	3.560574e-003	2.179187e-004	6.120325e-002
1.519999999999990e+000	7.318712e-001	3.582403e-003	2.179181e-004	6.083014e-002
1.524999999999990e+000	7.320679e-001	3.604237e-003	2.179175e-004	6.046148e-002
1.529999999999989e+000	7.322636e-001	3.626074e-003	2.179169e-004	6.009718e-002
1.534999999999989e+000	7.324584e-001	3.647916e-003	2.179162e-004	5.973718e-002
1.539999999999989e+000	7.326523e-001	3.669762e-003	2.179156e-004	5.938140e-002
1.544999999999989e+000	7.328453e-001	3.691612e-003	2.179150e-004	5.902975e-002
1.549999999999989e+000	7.330374e-001	3.713466e-003	2.179143e-004	5.868219e-002
1.554999999999989e+000	7.332286e-001	3.735324e-003	2.179137e-004	5.833863e-002
1.559999999999989e+000	7.334190e-001	3.757186e-003	2.179131e-004	5.799901e-002
1.564999999999989e+000	7.336085e-001	3.779052e-003	2.179125e-004	5.766326e-002
1.569999999999989e+000	7.337971e-001	3.800922e-003	2.179118e-004	5.733130e-002
1.574999999999988e+000	7.339849e-001	3.822796e-003	2.179112e-004	5.700309e-002
1.579999999999988e+000	7.341719e-001	3.844673e-003	2.179106e-004	5.667857e-002
1.584999999999988e+000	7.343580e-001	3.866554e-003	2.179099e-004	5.635765e-002
1.589999999999988e+000	7.345433e-001	3.888440e-003	2.179093e-004	5.604029e-002
1.594999999999988e+000	7.347278e-001	3.910328e-003	2.179087e-004	5.572644e-002
1.599999999999988e+000	7.349115e-001	3.932220e-003	2.179080e-004	5.541603e-002
1.604999999999988e+000	7.350944e-001	3.954116e-003	2.179074e-004	5.510900e-002
1.609999999999988e+000	7.352766e-001	3.976015e-003	2.179068e-004	5.480532e-002
1.614999999999988e+000	7.354580e-001	3.997918e-003	2.179062e-004	5.450491e-002
1.619999999999988e+000	7.356386e-001	4.019825e-003	2.179055e-004	5.420771e-002
1.624999999999987e+000	7.358184e-001	4.041735e-003	2.179049e-004	5.391371e-002
1.629999999999987e+000	7.359975e-001	4.063648e-003	2.179042e-004	5.362282e-002
1.634999999999987e+000	7.361758e-001	4.085565e-003	2.179036e-004	5.333501e-002
1.639999999999987e+000	7.363535e-001	4.107485e-003	2.179030e-004	5.305023e-002
1.644999999999987e+000	7.365303e-001	4.129407e-003	2.179024e-004	5.276843e-002
1.649999999999987e+000	7.367065e-001	4.151334e-003	2.179017e-004	5.248957e-002
1.654999999999987e+000	7.368819e-001	4.173264e-003	2.179011e-004	5.221359e-002
1.659999999999987e+000	7.370567e-001	4.195197e-003	2.179005e-004	5.194046e-002
1.664999999999987e+000	7.372307e-001	4.217133e-003	2.178998e-004	5.167014e-002
1.669999999999986e+000	7.374040e-001	4.239073e-003	2.178992e-004	5.140256e-002
1.674999999999986e+000	7.375767e-001	4.261015e-003	2.178986e-004	5.113772e-002
1.679999999999986e+000	7.377487e-001	4.282960e-003	2.178979e-004	5.087554e-002
1.684999999999986e+000	7.379200e-001	4.304909e-003	2.178973e-004	5.061601e-002
1.689999999999986e+000	7.380907e-001	4.326860e-003	2.178967e-004	5.035907e-002
1.694999999999986e+000	7.382606e-001	4.348815e-003	2.178960e-004	5.010469e-002
1.699999999999986e+000	7.384300e-001	4.370773e-003	2.178954e-004	4.985284e-002
1.704999999999986e+000	7.385987e-001	4.392733e-003	2.178948e-004	4.960346e-002
1.709999999999986e+000	7.387667e-001	4.414697e-003	2.178942e-004	4.935654e-002
1.714999999999985e+000	7.389342e-001	4.436663e-003	2.178935e-004	4.911203e-002
1.719999999999985e+000	7.391009e-001	4.458632e-003	2.178929e-004	4.886989e-002
1.724999999999985e+000	7.392671e-001	4.480604e-003	2.178922e-004	4.863010e-002
1.729999999999985e+000	7.394326e-001	4.502579e-003	2.178916e-004	4.839262e-002
1.734999999999985e+000	7.395976e-001	4.524556e-003	2.178910e-004	4.815742e-002
1.739999999999985e+000	7.397619e-001	4.546537e-003	2.178904e-004	4.792446e-002
1.744999999999985e+000	7.399256e-001	4.568520e-003	2.178897e-004	4.769372e-002
1.749999999999985e+000	7.400887e-001	4.590506e-003	2.178891e-004	4.746516e-002
1.754999999999985e+000	7.402512e-001	4.612494e-003	2.178885e-004	4.723875e-002
1.759999999999985e+000	7.404132e-001	4.634486e-003	2.178878e-004	4.701446e-002
1.764999999999984e+000	7.405746e-001	4.656479e-003	2.178872e-004	4.679226e-002
1.769999999999984e+000	7.407354e-001	4.678476e-003	2.178866e-004	4.657213e-002
1.774999999999984e+000	7.408956e-001	4.700474e-003	2.178859e-004	4.635403e-002
1.779999999999984e+000	7.410553e-001	4.722476e-003	2.178853e-004	4.613793e-002
1.784999999999984e+000	7.412144e-001	4.744480e-003	2.178847e-004	4.592382e-002
1.789999999999984e+000	7.413730e-001	4.766487e-003	2.178840e-004	4.571166e-002
1.794999999999984e+000	7.415310e-001	4.788496e-003	2.178834e-004	4.550143e-002
1.799999999999984e+000	7.416884e-001	4.810507e-003	2.178828e-004	4.529310e-002
1.804999999999984e+000	7.418454e-001	4.832521e-003	2.178821e-004	4.508664e-002
1.809999999999983e+000	7.420018e-001	4.854538e-003	2.178815e-004	4.488203e-002
1.814999999999983e+000	7.421576e-001	4.876556e-003	2.178809e-004	4.467925e-002
1.819999999999983e+000	7.423130e-001	4.898577e-003	2.178802e-004	4.447827e-002
1.824999999999983e+000	7.424678e-001	4.920601e-003	2.178796e-004	4.427906e-002
1.829999999999983e+000	7.426221e-001	4.942627e-003	2.178790e-004	4.408162e-002
1.834999999999983e+000	7.427759e-001	4.964655e-003	2.178783e-004	4.388589e-002
1.839999999999983e+000	7.429292e-001	4.986686e-003	2.178777e-004	4.369189e-002
1.844999999999983e+000	7.430819e-001	5.008718e-003	2.178771e-004	4.349957e-002
1.849999999999983e+000	7.432342e-001	5.030754e-003	2.178764e-004	4.330891e-002
1.854999999999982e+000	7.433860e-001	5.052791e-003	2.178758e-004	4.311989e-002
1.859999999999982e+000	7.435373e-001	5.074831e-003	2.178752e-004	4.293250e-002
1.864999999999982e+000	7.436881e-001	5.096872e-003	2.178745e-004	4.274671e-002
1.869999999999982e+000	7.438384e-001	5.118916e-003	2.178739e-004	4.256251e-002
1.874999999999982e+000	7.439882e-001	5.140963e-003	2.178733e-004	4.237986e-002
1.879999999999982e+000	7.441376e-001	5.163011e-003	2.178727e-004	4.219876e-002
1.884999999999982e+000	7.442865e-001	5.185061e-003	2.178720e-004	4.201918e-002
1.889999999999982e+000	7.444350e-001	5.207114e-003	2.178714e-004	4.184110e-002
1.894999999999982e+000	7.445829e-001	5.229169e-003	2.178708e-004	4.166451e-002
1.899999999999982e+000	7.447304e-001	5.251226e-003	2.178701e-004	4.148939e-002
1.904999999999981e+000	7.448775e-001	5.273284e-003	2.178695e-004	4.131571e-002
1.909999999999981e+000	7.450240e-001	5.295345e-003	2.178689e-004	4.114347e-002
1.914999999999981e+000	7.451702e-001	5.317408e-003	2.178682e-004	4.097264e-002
1.919999999999981e+000	7.453159e-001	5.339473e-003	2.178676e-004	4.080320e-002
1.924999999999981e+000	7.454612e-001	5.361540e-003	2.178670e-004	4.063515e-002
1.929999999999981e+000	7.456060e-001	5.383609e-003	2.178663e-004	4.046845e-002
1.934999999999981e+000	7.457504e-001	5.405680e-003	2.178657e-004	4.030311e-002
1.939999999999981e+000	7.458943e-001	5.427753e-003	2.178651e-004	4.013909e-002
1.944999999999981e+000	7.460378e-001	5.449828e-003	2.178644e-004	3.997639e-002
1.949999999999980e+000	7.461810e-001	5.471905e-003	2.178638e-004	3.981499e-002
1.954999999999980e+000	7.463236e-001	5.493984e-003	2.178632e-004	3.965487e-002
1.959999999999980e+000	7.464659e-001	5.516064e-003	2.178626e-004	3.949602e-002
1.964999999999980e+000	7.466077e-001	5.538146e-003	2.178619e-004	3.933842e-002
1.969999999999980e+000	7.467492e-001	5.560231e-003	2.178613e-004	3.918206e-002
1.974999999999980e+000	7.468902e-001	5.582317e-003	2.178607e-004	3.902692e-002
1.979999999999980e+000	7.470309e-001	5.604405e-003	2.178600e-004	3.887300e-002
1.984999999999980e+000	7.471710e-001	5.626495e-003	2.178594e-004	3.872027e-002
1.989999999999980e+000	7.473109e-001	5.648587e-003	2.178588e-004	3.856872e-002
1.994999999999980e+000	7.474503e-001	5.670681e-003	2.178581e-004	3.841834e-002
1.999999999999979e+000	7.475893e-001	5.692776e-003	2.178575e-004	3.826912e-002
2.004999999999980e+000	7.477279e-001	5.714873e-003	2.178569e-004	3.812104e-002
2.009999999999979e+000	7.478662e-001	5.736972e-003	2.178563e-004	3.797409e-002
2.014999999999979e+000	7.480041e-001	5.759072e-003	2.178556e-004	3.782825e-002
2.019999999999979e+000	7.481415e-001	5.781175e-003	2.178550e-004	3.768352e-002
2.024999999999979e+000	7.482787e-001	5.803279e-003	2.178544e-004	3.753988e-002
2.029999999999979e+000	7.484154e-001	5.825385e-003	2.178537e-004	3.739731e-002
2.034999999999979e+000	7.485517e-001	5.847492e-003	2.178531e-004	3.725582e-002
2.039999999999979e+000	7.486877e-001	5.869601e-003	2.178525e-004	3.711538e-002
2.044999999999979e+000	7.488233e-001	5.891712e-003	2.178518e-004	3.697598e-002
2.049999999999979e+000	7.489586e-001	5.913825e-003	2.178512e-004	3.683762e-002
2.054999999999978e+000	7.490935e-001	5.935939e-003	2.178506e-004	3.670028e-002
2.059999999999978e+000	7.492279e-001	5.958055e-003	2.178500e-004	3.656394e-002
2.064999999999978e+000	7.493621e-001	5.980172e-003	2.178493e-004	3.642861e-002
2.069999999999978e+000	7.494959e-001	6.002291e-003	2.178487e-004	3.629426e-002
2.074999999999978e+000	7.496294e-001	6.024412e-003	2.178481e-004	3.616089e-002
2.079999999999978e+000	7.497625e-001	6.046534e-003	2.178475e-004	3.602848e-002
2.084999999999978e+000	7.498953e-001	6.068658e-003	2.178468e-004	3.589703e-002
2.089999999999978e+000	7.500277e-001	6.090784e-003	2.178462e-004	3.576653e-002
2.094999999999978e+000	7.501597e-001	6.112910e-003	2.178456e-004	3.563697e-002
2.099999999999977e+000	7.502915e-001	6.135039e-003	2.178449e-004	3.550832e-002
2.104999999999977e+000	7.504228e-001	6.157169e-003	2.178443e-004	3.538060e-002
2.109999999999977e+000	7.505539e-001	6.179301e-003	2.178437e-004	3.525378e-002
2.114999999999977e+000	7.506846e-001	6.201433e-003	2.178431e-004	3.512786e-002
2.119999999999977e+000	7.508150e-001	6.223568e-003	2.178424e-004	3.500282e-002
2.124999999999977e+000	7.509450e-001	6.245704e-003	2.178418e-004	3.487866e-002
2.129999999999977e+000	7.510748e-001	6.267842e-003	2.178412e-004	3.475537e-002
2.134999999999977e+000	7.512042e-001	6.289981e-003	2.178406e-004	3.463294e-002
2.139999999999977e+000	7.513333e-001	6.312122e-003	2.178399e-004	3.451136e-002
2.144999999999977e+000	7.514620e-001	6.334263e-003	2.178393e-004	3.439063e-002
2.149999999999976e+000	7.515905e-001	6.356407e-003	2.178387e-004	3.427072e-002
2.154999999999976e+000	7.517186e-001	6.378552e-003	2.178380e-004	3.415164e-002
2.159999999999976e+000	7.518464e-001	6.400698e-003	2.178374e-004	3.403338e-002
2.164999999999976e+000	7.519739e-001	6.422846e-003	2.178368e-004	3.391593e-002
2.169999999999976e+000	7.521011e-001	6.444995e-003	2.178362e-004	3.379928e-002
2.174999999999976e+000	7.522280e-001	6.467145e-003	2.178355e-004	3.368341e-002
2.179999999999976e+000	7.523546e-001	6.489297e-003	2.178349e-004	3.356834e-002
2.184999999999976e+000	7.524809e-001	6.511451e-003	2.178343e-004	3.345403e-002
2.189999999999976e+000	7.526068e-001	6.533606e-003	2.178337e-004	3.334050e-002
2.194999999999975e+000	7.527325e-001	6.555761e-003	2.178330e-004	3.322773e-002
2.199999999999975e+000	7.528579e-001	6.577919e-003	2.178324e-004	3.311570e-002
2.204999999999975e+000	7.529829e-001	6.600078e-003	2.178318e-004	3.300443e-002
2.209999999999975e+000	7.531077e-001	6.622238e-003	2.178312e-004	3.289389e-002
2.214999999999975e+000	7.532322e-001	6.644399e-003	2.178305e-004	3.278408e-002
2.219999999999975e+000	7.533564e-001	6.666562e-003	2.178299e-004	3.267500e-002
2.224999999999975e+000	7.534803e-001	6.688726e-003	2.178293e-004	3.256664e-002
2.229999999999975e+000	7.536039e-001	6.710891e-003	2.178287e-004	3.245898e-002
2.234999999999975e+000	7.537273e-001	6.733058e-003	2.178280e-004	3.235202e-002
2.239999999999975e+000	7.538503e-001	6.755226e-003	2.178274e-004	3.224576e-002
2.244999999999974e+000	7.539731e-001	6.777395e-003	2.178268e-004	3.214019e-002
2.249999999999974e+000	7.540956e-001	6.799565e-003	2.178262e-004	3.203531e-002
2.254999999999974e+000	7.542178e-001	6.821737e-003	2.178255e-004	3.193110e-002
2.259999999999974e+000	7.543398e-001	6.843910e-003	2.178249e-004	3.182755e-002
2.264999999999974e+000	7.544615e-001	6.866084e-003	2.178243e-004	3.172467e-002
2.269999999999974e+000	7.545828e-001	6.888260e-003	2.178237e-004	3.162245e-002
2.274999999999974e+000	7.547039e-001	6.910436e-003	2.178230e-004	3.152088e-002
2.279999999999974e+000	7.548248e-001	6.932614e-003	2.178224e-004	3.141995e-002
2.284999999999974e+000	7.549454e-001	6.954794e-003	2.178218e-004	3.131966e-002
2.289999999999973e+000	7.550657e-001	6.976974e-003	2.178212e-004	3.122001e-002
2.294999999999973e+000	7.551858e-001	6.999156e-003	2.178205e-004	3.112098e-002
2.299999999999973e+000	7.553056e-001	7.021338e-003	2.178199e-004	3.102257e-002
2.304999999999973e+000	7.554251e-001	7.043522e-003	2.178193e-004	3.092477e-002
2.309999999999973e+000	7.555444e-001	7.065707e-003	2.178187e-004	3.082758e-002
2.314999999999973e+000	7.556634e-001	7.087894e-003	2.178181e-004	3.073100e-002
2.319999999999973e+000	7.557822e-001	7.110081e-003	2.178174e-004	3.063501e-002
2.324999999999973e+000	7.559007e-001	7.132270e-003	2.178168e-004	3.053962e-002
2.329999999999973e+000	7.560189e-001	7.154460e-003	2.178162e-004	3.044481e-002
2.334999999999972e+000	7.561369e-001	7.176650e-003	2.178156e-004	3.035059e-002
2.339999999999972e+000	7.562547e-001	7.198842e-003	2.178149e-004	3.025694e-002
2.344999999999972e+000	7.563722e-001	7.221036e-003	2.178143e-004	3.016386e-002
2.349999999999972e+000	7.564894e-001	7.243230e-003	2.178137e-004	3.007135e-002
2.354999999999972e+000	7.566064e-001	7.265425e-003	2.178131e-004	2.997940e-002
2.359999999999972e+000	7.567232e-001	7.287622e-003	2.178125e-004	2.988800e-002
2.364999999999972e+000	7.568397e-001	7.309820e-003	2.178118e-004	2.979716e-002
2.369999999999972e+000	7.569560e-001	7.332018e-003	2.178112e-004	2.970686e-002
2.374999999999972e+000	7.570720e-001	7.354218e-003	2.178106e-004	2.961710e-002
2.379999999999972e+000	7.571878e-001	7.376419e-003	2.178100e-004	2.952788e-002
2.384999999999971e+000	7.573034e-001	7.398621e-003	2.178094e-004	2.943918e-002
2.389999999999971e+000	7.574187e-001	7.420824e-003	2.178087e-004	2.935102e-002
2.394999999999971e+000	7.575338e-001	7.443028e-003	2.178081e-004	2.926337e-002
2.399999999999971e+000	7.576486e-001	7.465234e-003	2.178075e-004	2.917625e-002
2.404999999999971e+000	7.577633e-001	7.487440e-003	2.178069e-004	2.908963e-002
2.409999999999971e+000	7.578776e-001	7.509647e-003	2.178063e-004	2.900353e-002
2.414999999999971e+000	7.579919e-001	7.531855e-003	2.178056e-004	2.891793e-002
2.419999999999971e+000	7.581058e-001	7.554065e-003	2.178050e-004	2.883283e-002
2.424999999999971e+000	7.582195e-001	7.576275e-003	2.178044e-004	2.874822e-002
2.429999999999970e+000	7.583330e-001	7.598487e-003	2.178038e-004	2.866410e-002
2.434999999999970e+000	7.584462e-001	7.620699e-003	2.178032e-004	2.858047e-002
2.439999999999970e+000	7.585593e-001	7.642912e-003	2.178025e-004	2.849732e-002
2.444999999999970e+000	7.586721e-001	7.665127e-003	2.178019e-004	2.841465e-002
2.449999999999970e+000	7.587847e-001	7.687342e-003	2.178013e-004	2.833246e-002
2.454999999999970e+000	7.588971e-001	7.709559e-003	2.178007e-004	2.825073e-002
2.459999999999970e+000	7.590092e-001	7.731776e-003	2.178001e-004	2.816947e-002
2.464999999999970e+000	7.591212e-001	7.753995e-003	2.177994e-004	2.808868e-002
2.469999999999970e+000	7.592329e-001	7.776214e-003	2.177988e-004	2.800834e-002
2.474999999999969e+000	7.593444e-001	7.798435e-003	2.177982e-004	2.792845e-002
2.479999999999969e+000	7.594557e-001	7.820656e-003	2.177976e-004	2.784902e-002
2.484999999999969e+000	7.595668e-001	7.842878e-003	2.177970e-004	2.777003e-002
2.489999999999969e+000	7.596776e-001	7.865101e-003	2.177963e-004	2.769149e-002
2.494999999999969e+000	7.597883e-001	7.887326e-003	2.177957e-004	2.761338e-002
2.499999999999969e+000	7.598988e-001	7.909551e-003	2.177951e-004	2.753571e-002
2.504999999999969e+000	7.600091e-001	7.931777e-003	2.177945e-004	2.745847e-002
2.509999999999969e+000	7.601191e-001	7.954004e-003	2.177939e-004	2.738166e-002
2.514999999999969e+000	7.602289e-001	7.976232e-003	2.177933e-004	2.730528e-002
2.519999999999969e+000	7.603385e-001	7.998461e-003	2.177926e-004	2.722932e-002
2.524999999999968e+000	7.604480e-001	8.020691e-003	2.177920e-004	2.715377e-002
2.529999999999968e+000	7.605572e-001	8.042922e-003	2.177914e-004	2.707864e-002
2.534999999999968e+000	7.606663e-001	8.065154e-003	2.177908e-004	2.700392e-002
2.539999999999968e+000	7.607751e-001	8.087386e-003	2.177902e-004	2.692961e-002
2.544999999999968e+000	7.608837e-001	8.109620e-003	2.177896e-004	2.685570e-002
2.549999999999968e+000	7.609921e-001	8.131854e-003	2.177889e-004	2.678220e-002
2.554999999999968e+000	7.611004e-001	8.154090e-003	2.177883e-004	2.670909e-002
2.559999999999968e+000	7.612084e-001	8.176326e-003	2.177877e-004	2.663638e-002
2.564999999999968e+000	7.613162e-001	8.198562e-003	2.177871e-004	2.656406e-002
2.569999999999967e+000	7.614239e-001	8.220800e-003	2.177865e-004	2.649212e-002
2.574999999999967e+000	7.615314e-001	8.243039e-003	2.177859e-004	2.642058e-002
2.579999999999967e+000	7.616386e-001	8.265279e-003	2.177852e-004	2.634941e-002
2.584999999999967e+000	7.617457e-001	8.287519e-003	2.177846e-004	2.627863e-002
2.589999999999967e+000	7.618526e-001	8.309761e-003	2.177840e-004	2.620822e-002
2.594999999999967e+000	7.619593e-001	8.332003e-003	2.177834e-004	2.613818e-002
2.599999999999967e+000	7.620658e-001	8.354247e-003	2.177828e-004	2.606851e-002
2.604999999999967e+000	7.621721e-001	8.376490e-003	2.177822e-004	2.599921e-002
2.609999999999967e+000	7.622783e-001	8.398735e-003	2.177815e-004	2.593028e-002
2.614999999999967e+000	7.623842e-001	8.420981e-003	2.177809e-004	2.586171e-002
2.619999999999966e+000	7.624900e-001	8.443227e-003	2.177803e-004	2.579349e-002
2.624999999999966e+000	7.625956e-001	8.465474e-003	2.177797e-004	2.572563e-002
2.629999999999966e+000	7.627010e-001	8.487723e-003	2.177791e-004	2.565813e-002
2.634999999999966e+000	7.628062e-001	8.509972e-003	2.177785e-004	2.559097e-002
2.639999999999966e+000	7.629113e-001	8.532221e-003	2.177779e-004	2.552417e-002
2.644999999999966e+000	7.630161e-001	8.554473e-003	2.177772e-004	2.545771e-002
2.649999999999966e+000	7.631208e-001	8.576724e-003	2.177766e-004	2.539159e-002
2.654999999999966e+000	7.632253e-001	8.598976e-003	2.177760e-004	2.532581e-002
2.659999999999966e+000	7.633296e-001	8.621229e-003	2.177754e-004	2.526037e-002
2.664999999999965e+000	7.634338e-001	8.643483e-003	2.177748e-004	2.519526e-002
2.669999999999965e+000	7.635378e-001	8.665738e-003	2.177742e-004	2.513048e-002
2.674999999999965e+000	7.636416e-001	8.687993e-003	2.177736e-004	2.506604e-002
2.679999999999965e+000	7.637452e-001	8.710249e-003	2.177729e-004	2.500192e-002
2.684999999999965e+000	7.638487e-001	8.732506e-003	2.177723e-004	2.493813e-002
2.689999999999965e+000	7.639520e-001	8.754764e-003	2.177717e-004	2.487465e-002
2.694999999999965e+000	7.640551e-001	8.777022e-003	2.177711e-004	2.481150e-002
2.699999999999965e+000	7.641581e-001	8.799282e-003	2.177705e-004	2.474867e-002
2.704999999999965e+000	7.642608e-001	8.821541e-003	2.177699e-004	2.468615e-002
2.709999999999964e+000	7.643635e-001	8.843803e-003	2.177693e-004	2.462394e-002
2.714999999999964e+000	7.644659e-001	8.866064e-003	2.177687e-004	2.456204e-002
2.719999999999964e+000	7.645682e-001	8.888327e-003	2.177680e-004	2.450045e-002
2.724999999999964e+000	7.646703e-001	8.910590e-003	2.177674e-004	2.443917e-002
2.729999999999964e+000	7.647723e-001	8.932853e-003	2.177668e-004	2.437819e-002
2.734999999999964e+000	7.648740e-001	8.955118e-003	2.177662e-004	2.431751e-002
2.739999999999964e+000	7.649757e-001	8.977383e-003	2.177656e-004	2.425713e-002
2.744999999999964e+000	7.650772e-001	8.999649e-003	2.177650e-004	2.419705e-002
2.749999999999964e+000	7.651784e-001	9.021916e-003	2.177644e-004	2.413726e-002
2.754999999999964e+000	7.652796e-001	9.044183e-003	2.177638e-004	2.407777e-002
2.759999999999963e+000	7.653806e-001	9.066452e-003	2.177632e-004	2.401856e-002
2.764999999999963e+000	7.654814e-001	9.088721e-003	2.177625e-004	2.395964e-002
2.769999999999963e+000	7.655821e-001	9.110991e-003	2.177619e-004	2.390101e-002
2.774999999999963e+000	7.656826e-001	9.133261e-003	2.177613e-004	2.384267e-002
2.779999999999963e+000	7.657829e-001	9.155532e-003	2.177607e-004	2.378460e-002
2.784999999999963e+000	7.658831e-001	9.177804e-003	2.177601e-004	2.372682e-002
2.789999999999963e+000	7.659832e-001	9.200077e-003	2.177595e-004	2.366931e-002
2.794999999999963e+000	7.660830e-001	9.222350e-003	2.177589e-004	2.361208e-002
2.799999999999963e+000	7.661827e-001	9.244624e-003	2.177583e-004	2.355513e-002
2.804999999999962e+000	7.662823e-001	9.266899e-003	2.177577e-004	2.349844e-002
2.809999999999962e+000	7.663817e-001	9.289174e-003	2.177570e-004	2.344202e-002
2.814999999999962e+000	7.664810e-001	9.311450e-003	2.177564e-004	2.338588e-002
2.819999999999962e+000	7.665801e-001	9.333727e-003	2.177558e-004	2.333000e-002
2.824999999999962e+000	7.666791e-001	9.356004e-003	2.177552e-004	2.327438e-002
2.829999999999962e+000	7.667779e-001	9.378282e-003	2.177546e-004	2.321903e-002
2.834999999999962e+000	7.668766e-001	9.400561e-003	2.177540e-004	2.316393e-002
2.839999999999962e+000	7.669751e-001	9.422841e-003	2.177534e-004	2.310910e-002
2.844999999999962e+000	7.670735e-001	9.445121e-003	2.177528e-004	2.305452e-002
2.849999999999962e+000	7.671717e-001	9.467402e-003	2.177522e-004	2.300020e-002
2.854999999999961e+000	7.672698e-001	9.489683e-003	2.177516e-004	2.294614e-002
2.859999999999961e+000	7.673677e-001	9.511965e-003	2.177509e-004	2.289232e-002
2.864999999999961e+000	7.674655e-001	9.534248e-003	2.177503e-004	2.283875e-002
2.869999999999961e+000	7.675632e-001	9.556531e-003	2.177497e-004	2.278544e-002
2.874999999999961e+000	7.676606e-001	9.578816e-003	2.177491e-004	2.273236e-002
2.879999999999961e+000	7.677580e-001	9.601100e-003	2.177485e-004	2.267954e-002
2.884999999999961e+000	7.678552e-001	9.623385e-003	2.177479e-004	2.262695e-002
2.889999999999961e+000	7.679523e-001	9.645672e-003	2.177473e-004	2.257461e-002
2.894999999999961e+000	7.680492e-001	9.667958e-003	2.177467e-004	2.252251e-002
2.899999999999960e+000	7.681460e-001	9.690246e-003	2.177461e-004	2.247065e-002
2.904999999999960e+000	7.682427e-001	9.712533e-003	2.177455e-004	2.241902e-002
2.909999999999960e+000	7.683392e-001	9.734822e-003	2.177448e-004	2.236762e-002
2.914999999999960e+000	7.684355e-001	9.757111e-003	2.177443e-004	2.231647e-002
2.919999999999960e+000	7.685317e-001	9.779401e-003	2.177436e-004	2.226554e-002
2.924999999999960e+000	7.686279e-001	9.801691e-003	2.177430e-004	2.221484e-002
2.929999999999960e+000	7.687238e-001	9.823983e-003	2.177424e-004	2.216437e-002
2.934999999999960e+000	7.688196e-001	9.846275e-003	2.177418e-004	2.211413e-002
2.939999999999960e+000	7.689154e-001	9.868567e-003	2.177412e-004	2.206412e-002
2.944999999999959e+000	7.690109e-001	9.890860e-003	2.177406e-004	2.201432e-002
2.949999999999959e+000	7.691063e-001	9.913153e-003	2.177400e-004	2.196476e-002
2.954999999999959e+000	7.692016e-001	9.935447e-003	2.177394e-004	2.191541e-002
2.959999999999959e+000	7.692968e-001	9.957742e-003	2.177388e-004	2.186628e-002
2.964999999999959e+000	7.693918e-001	9.980038e-003	2.177382e-004	2.181737e-002
2.969999999999959e+000	7.694867e-001	1.000233e-002	2.177376e-004	2.176868e-002
2.974999999999959e+000	7.695814e-001	1.002463e-002	2.177370e-004	2.172020e-002
2.979999999999959e+000	7.696760e-001	1.004693e-002	2.177363e-004	2.167193e-002
2.984999999999959e+000	7.697705e-001	1.006922e-002	2.177358e-004	2.162388e-002
2.989999999999959e+000	7.698649e-001	1.009152e-002	2.177351e-004	2.157604e-002
2.994999999999958e+000	7.699591e-001	1.011382e-002	2.177345e-004	2.152841e-002
3.000000000000000e+000	7.700532e-001	1.013612e-002	2.177339e-004	2.148099e-002
