vcc	V(ce)	Ic(Q1)
0.000000000000000e+000	6.307873e-003	-2.754530e-007
5.000000000000000e-003	6.335984e-003	-5.834032e-008
1.000000000000000e-002	6.364132e-003	1.587715e-007
1.500000000000000e-002	6.392289e-003	3.758826e-007
2.000000000000000e-002	6.420464e-003	5.929928e-007
2.500000000000000e-002	6.448658e-003	8.101023e-007
3.000000000000000e-002	6.476871e-003	1.027211e-006
3.500000000000000e-002	6.505102e-003	1.244319e-006
4.000000000000000e-002	6.533352e-003	1.461426e-006
4.500000000000000e-002	6.561621e-003	1.678532e-006
5.000000000000000e-002	6.589908e-003	1.895637e-006
5.499999999999999e-002	6.618214e-003	2.112742e-006
5.999999999999999e-002	6.646539e-003	2.329846e-006
6.499999999999999e-002	6.674882e-003	2.546948e-006
6.999999999999999e-002	6.703245e-003	2.764050e-006
7.500000000000000e-002	6.731627e-003	2.981152e-006
8.000000000000000e-002	6.760027e-003	3.198252e-006
8.500000000000001e-002	6.788446e-003	3.415352e-006
9.000000000000001e-002	6.816884e-003	3.632450e-006
9.500000000000002e-002	6.845341e-003	3.849548e-006
1.000000000000000e-001	6.873817e-003	4.066645e-006
1.050000000000000e-001	6.902312e-003	4.283742e-006
1.100000000000000e-001	6.930827e-003	4.500837e-006
1.150000000000000e-001	6.959361e-003	4.717932e-006
1.200000000000000e-001	6.987913e-003	4.935026e-006
1.250000000000000e-001	7.016485e-003	5.152119e-006
1.300000000000000e-001	7.045076e-003	5.369211e-006
1.350000000000000e-001	7.073686e-003	5.586302e-006
1.400000000000000e-001	7.102316e-003	5.803392e-006
1.450000000000001e-001	7.130965e-003	6.020482e-006
1.500000000000001e-001	7.159633e-003	6.237571e-006
1.550000000000001e-001	7.188321e-003	6.454658e-006
1.600000000000001e-001	7.217028e-003	6.671746e-006
1.650000000000001e-001	7.245754e-003	6.888832e-006
1.700000000000001e-001	7.274501e-003	7.105917e-006
1.750000000000001e-001	7.303266e-003	7.323002e-006
1.800000000000001e-001	7.332051e-003	7.540085e-006
1.850000000000001e-001	7.360856e-003	7.757168e-006
1.900000000000001e-001	7.389680e-003	7.974249e-006
1.950000000000001e-001	7.418524e-003	8.191330e-006
2.000000000000001e-001	7.447388e-003	8.408411e-006
2.050000000000001e-001	7.476272e-003	8.625490e-006
2.100000000000001e-001	7.505175e-003	8.842569e-006
2.150000000000001e-001	7.534098e-003	9.059647e-006
2.200000000000001e-001	7.563041e-003	9.276723e-006
2.250000000000001e-001	7.592003e-003	9.493799e-006
2.300000000000001e-001	7.620986e-003	9.710874e-006
2.350000000000001e-001	7.649988e-003	9.927948e-006
2.400000000000001e-001	7.679011e-003	1.014502e-005
2.450000000000001e-001	7.708054e-003	1.036209e-005
2.500000000000001e-001	7.737116e-003	1.057917e-005
2.550000000000001e-001	7.766199e-003	1.079624e-005
2.600000000000001e-001	7.795302e-003	1.101331e-005
2.650000000000001e-001	7.824425e-003	1.123037e-005
2.700000000000001e-001	7.853568e-003	1.144744e-005
2.750000000000001e-001	7.882731e-003	1.166451e-005
2.800000000000001e-001	7.911915e-003	1.188158e-005
2.850000000000001e-001	7.941118e-003	1.209864e-005
2.900000000000002e-001	7.970342e-003	1.231571e-005
2.950000000000002e-001	7.999587e-003	1.253277e-005
3.000000000000002e-001	8.028852e-003	1.274983e-005
3.050000000000002e-001	8.058137e-003	1.296689e-005
3.100000000000002e-001	8.087443e-003	1.318395e-005
3.150000000000002e-001	8.116770e-003	1.340101e-005
3.200000000000002e-001	8.146117e-003	1.361807e-005
3.250000000000002e-001	8.175484e-003	1.383513e-005
3.300000000000002e-001	8.204873e-003	1.405219e-005
3.350000000000002e-001	8.234281e-003	1.426925e-005
3.400000000000002e-001	8.263711e-003	1.448630e-005
3.450000000000002e-001	8.293160e-003	1.470336e-005
3.500000000000002e-001	8.322632e-003	1.492041e-005
3.550000000000002e-001	8.352123e-003	1.513746e-005
3.600000000000002e-001	8.381636e-003	1.535451e-005
3.650000000000002e-001	8.411169e-003	1.557156e-005
3.700000000000002e-001	8.440724e-003	1.578862e-005
3.750000000000002e-001	8.470299e-003	1.600566e-005
3.800000000000002e-001	8.499895e-003	1.622271e-005
3.850000000000002e-001	8.529512e-003	1.643976e-005
3.900000000000002e-001	8.559151e-003	1.665681e-005
3.950000000000002e-001	8.588810e-003	1.687385e-005
4.000000000000002e-001	8.618491e-003	1.709090e-005
4.050000000000003e-001	8.648193e-003	1.730794e-005
4.100000000000003e-001	8.677916e-003	1.752498e-005
4.150000000000003e-001	8.707660e-003	1.774202e-005
4.200000000000003e-001	8.737425e-003	1.795906e-005
4.250000000000003e-001	8.767213e-003	1.817610e-005
4.300000000000003e-001	8.797021e-003	1.839314e-005
4.350000000000003e-001	8.826850e-003	1.861018e-005
4.400000000000003e-001	8.856701e-003	1.882722e-005
4.450000000000003e-001	8.886574e-003	1.904426e-005
4.500000000000003e-001	8.916467e-003	1.926129e-005
4.550000000000003e-001	8.946383e-003	1.947832e-005
4.600000000000003e-001	8.976321e-003	1.969536e-005
4.650000000000003e-001	9.006280e-003	1.991239e-005
4.700000000000003e-001	9.036260e-003	2.012942e-005
4.750000000000003e-001	9.066262e-003	2.034645e-005
4.800000000000003e-001	9.096286e-003	2.056348e-005
4.850000000000003e-001	9.126332e-003	2.078051e-005
4.900000000000003e-001	9.156399e-003	2.099754e-005
4.950000000000003e-001	9.186490e-003	2.121456e-005
5.000000000000003e-001	9.216601e-003	2.143159e-005
5.050000000000003e-001	9.246734e-003	2.164862e-005
5.100000000000003e-001	9.276889e-003	2.186564e-005
5.150000000000004e-001	9.307067e-003	2.208266e-005
5.200000000000004e-001	9.337266e-003	2.229968e-005
5.250000000000004e-001	9.367487e-003	2.251670e-005
5.300000000000004e-001	9.397731e-003	2.273372e-005
5.350000000000004e-001	9.427997e-003	2.295074e-005
5.400000000000004e-001	9.458286e-003	2.316776e-005
5.450000000000004e-001	9.488597e-003	2.338478e-005
5.500000000000004e-001	9.518929e-003	2.360179e-005
5.550000000000004e-001	9.549284e-003	2.381881e-005
5.600000000000004e-001	9.579661e-003	2.403582e-005
5.650000000000004e-001	9.610062e-003	2.425283e-005
5.700000000000004e-001	9.640484e-003	2.446985e-005
5.750000000000004e-001	9.670929e-003	2.468686e-005
5.800000000000004e-001	9.701396e-003	2.490387e-005
5.850000000000004e-001	9.731887e-003	2.512088e-005
5.900000000000004e-001	9.762400e-003	2.533789e-005
5.950000000000004e-001	9.792935e-003	2.555489e-005
6.000000000000004e-001	9.823494e-003	2.577190e-005
6.050000000000004e-001	9.854075e-003	2.598891e-005
6.100000000000004e-001	9.884679e-003	2.620591e-005
6.150000000000004e-001	9.915305e-003	2.642291e-005
6.200000000000004e-001	9.945955e-003	2.663991e-005
6.250000000000004e-001	9.976627e-003	2.685692e-005
6.300000000000005e-001	1.000732e-002	2.707392e-005
6.350000000000005e-001	1.003804e-002	2.729091e-005
6.400000000000005e-001	1.006878e-002	2.750791e-005
6.450000000000005e-001	1.009955e-002	2.772491e-005
6.500000000000005e-001	1.013034e-002	2.794191e-005
6.550000000000005e-001	1.016115e-002	2.815890e-005
6.600000000000005e-001	1.019198e-002	2.837590e-005
6.650000000000005e-001	1.022284e-002	2.859289e-005
6.700000000000005e-001	1.025372e-002	2.880988e-005
6.750000000000005e-001	1.028462e-002	2.902687e-005
6.800000000000005e-001	1.031555e-002	2.924386e-005
6.850000000000005e-001	1.034650e-002	2.946085e-005
6.900000000000005e-001	1.037748e-002	2.967784e-005
6.950000000000005e-001	1.040848e-002	2.989483e-005
7.000000000000005e-001	1.043950e-002	3.011181e-005
7.050000000000005e-001	1.047055e-002	3.032880e-005
7.100000000000005e-001	1.050162e-002	3.054578e-005
7.150000000000005e-001	1.053271e-002	3.076276e-005
7.200000000000005e-001	1.056383e-002	3.097975e-005
7.250000000000005e-001	1.059497e-002	3.119673e-005
7.300000000000005e-001	1.062613e-002	3.141371e-005
7.350000000000005e-001	1.065732e-002	3.163068e-005
7.400000000000006e-001	1.068853e-002	3.184766e-005
7.450000000000006e-001	1.071977e-002	3.206464e-005
7.500000000000006e-001	1.075103e-002	3.228162e-005
7.550000000000006e-001	1.078231e-002	3.249859e-005
7.600000000000006e-001	1.081362e-002	3.271556e-005
7.650000000000006e-001	1.084496e-002	3.293253e-005
7.700000000000006e-001	1.087631e-002	3.314951e-005
7.750000000000006e-001	1.090769e-002	3.336648e-005
7.800000000000006e-001	1.093910e-002	3.358344e-005
7.850000000000006e-001	1.097053e-002	3.380041e-005
7.900000000000006e-001	1.100199e-002	3.401738e-005
7.950000000000006e-001	1.103347e-002	3.423435e-005
8.000000000000006e-001	1.106497e-002	3.445131e-005
8.050000000000006e-001	1.109650e-002	3.466828e-005
8.100000000000006e-001	1.112805e-002	3.488524e-005
8.150000000000006e-001	1.115963e-002	3.510220e-005
8.200000000000006e-001	1.119123e-002	3.531916e-005
8.250000000000006e-001	1.122286e-002	3.553612e-005
8.300000000000006e-001	1.125451e-002	3.575308e-005
8.350000000000006e-001	1.128619e-002	3.597004e-005
8.400000000000006e-001	1.131789e-002	3.618699e-005
8.450000000000006e-001	1.134961e-002	3.640395e-005
8.500000000000006e-001	1.138137e-002	3.662090e-005
8.550000000000007e-001	1.141314e-002	3.683785e-005
8.600000000000007e-001	1.144494e-002	3.705480e-005
8.650000000000007e-001	1.147677e-002	3.727175e-005
8.700000000000007e-001	1.150862e-002	3.748871e-005
8.750000000000007e-001	1.154050e-002	3.770566e-005
8.800000000000007e-001	1.157240e-002	3.792260e-005
8.850000000000007e-001	1.160433e-002	3.813955e-005
8.900000000000007e-001	1.163629e-002	3.835649e-005
8.950000000000007e-001	1.166826e-002	3.857344e-005
9.000000000000007e-001	1.170027e-002	3.879038e-005
9.050000000000007e-001	1.173230e-002	3.900732e-005
9.100000000000007e-001	1.176436e-002	3.922427e-005
9.150000000000007e-001	1.179644e-002	3.944121e-005
9.200000000000007e-001	1.182854e-002	3.965814e-005
9.250000000000007e-001	1.186068e-002	3.987508e-005
9.300000000000007e-001	1.189283e-002	4.009201e-005
9.350000000000007e-001	1.192502e-002	4.030895e-005
9.400000000000007e-001	1.195723e-002	4.052588e-005
9.450000000000007e-001	1.198946e-002	4.074282e-005
9.500000000000007e-001	1.202173e-002	4.095975e-005
9.550000000000007e-001	1.205402e-002	4.117668e-005
9.600000000000007e-001	1.208633e-002	4.139361e-005
9.650000000000008e-001	1.211867e-002	4.161054e-005
9.700000000000008e-001	1.215104e-002	4.182746e-005
9.750000000000008e-001	1.218343e-002	4.204439e-005
9.800000000000008e-001	1.221585e-002	4.226132e-005
9.850000000000008e-001	1.224830e-002	4.247824e-005
9.900000000000008e-001	1.228077e-002	4.269516e-005
9.950000000000008e-001	1.231327e-002	4.291208e-005
1.000000000000001e+000	1.234579e-002	4.312901e-005
1.005000000000001e+000	1.237834e-002	4.334592e-005
1.010000000000001e+000	1.241092e-002	4.356284e-005
1.015000000000000e+000	1.244353e-002	4.377976e-005
1.020000000000000e+000	1.247616e-002	4.399668e-005
1.025000000000000e+000	1.250882e-002	4.421359e-005
1.030000000000000e+000	1.254150e-002	4.443050e-005
1.035000000000000e+000	1.257422e-002	4.464742e-005
1.040000000000000e+000	1.260696e-002	4.486433e-005
1.045000000000000e+000	1.263972e-002	4.508123e-005
1.050000000000000e+000	1.267252e-002	4.529814e-005
1.055000000000000e+000	1.270534e-002	4.551505e-005
1.059999999999999e+000	1.273818e-002	4.573196e-005
1.064999999999999e+000	1.277106e-002	4.594886e-005
1.069999999999999e+000	1.280396e-002	4.616577e-005
1.074999999999999e+000	1.283689e-002	4.638267e-005
1.079999999999999e+000	1.286985e-002	4.659957e-005
1.084999999999999e+000	1.290283e-002	4.681647e-005
1.089999999999999e+000	1.293585e-002	4.703337e-005
1.094999999999999e+000	1.296888e-002	4.725027e-005
1.099999999999999e+000	1.300195e-002	4.746717e-005
1.104999999999998e+000	1.303505e-002	4.768406e-005
1.109999999999998e+000	1.306817e-002	4.790095e-005
1.114999999999998e+000	1.310132e-002	4.811785e-005
1.119999999999998e+000	1.313450e-002	4.833474e-005
1.124999999999998e+000	1.316771e-002	4.855163e-005
1.129999999999998e+000	1.320094e-002	4.876852e-005
1.134999999999998e+000	1.323420e-002	4.898541e-005
1.139999999999998e+000	1.326749e-002	4.920229e-005
1.144999999999998e+000	1.330081e-002	4.941918e-005
1.149999999999998e+000	1.333416e-002	4.963606e-005
1.154999999999997e+000	1.336753e-002	4.985294e-005
1.159999999999997e+000	1.340094e-002	5.006983e-005
1.164999999999997e+000	1.343437e-002	5.028671e-005
1.169999999999997e+000	1.346783e-002	5.050359e-005
1.174999999999997e+000	1.350132e-002	5.072047e-005
1.179999999999997e+000	1.353483e-002	5.093734e-005
1.184999999999997e+000	1.356838e-002	5.115422e-005
1.189999999999997e+000	1.360195e-002	5.137109e-005
1.194999999999997e+000	1.363556e-002	5.158797e-005
1.199999999999996e+000	1.366919e-002	5.180484e-005
1.204999999999996e+000	1.370285e-002	5.202171e-005
1.209999999999996e+000	1.373654e-002	5.223858e-005
1.214999999999996e+000	1.377026e-002	5.245545e-005
1.219999999999996e+000	1.380401e-002	5.267231e-005
1.224999999999996e+000	1.383778e-002	5.288918e-005
1.229999999999996e+000	1.387159e-002	5.310604e-005
1.234999999999996e+000	1.390543e-002	5.332291e-005
1.239999999999996e+000	1.393929e-002	5.353977e-005
1.244999999999995e+000	1.397318e-002	5.375663e-005
1.249999999999995e+000	1.400711e-002	5.397349e-005
1.254999999999995e+000	1.404106e-002	5.419035e-005
1.259999999999995e+000	1.407504e-002	5.440720e-005
1.264999999999995e+000	1.410905e-002	5.462406e-005
1.269999999999995e+000	1.414310e-002	5.484091e-005
1.274999999999995e+000	1.417717e-002	5.505776e-005
1.279999999999995e+000	1.421127e-002	5.527462e-005
1.284999999999995e+000	1.424540e-002	5.549147e-005
1.289999999999995e+000	1.427956e-002	5.570831e-005
1.294999999999994e+000	1.431375e-002	5.592516e-005
1.299999999999994e+000	1.434797e-002	5.614201e-005
1.304999999999994e+000	1.438222e-002	5.635885e-005
1.309999999999994e+000	1.441650e-002	5.657570e-005
1.314999999999994e+000	1.445082e-002	5.679254e-005
1.319999999999994e+000	1.448516e-002	5.700938e-005
1.324999999999994e+000	1.451953e-002	5.722622e-005
1.329999999999994e+000	1.455393e-002	5.744306e-005
1.334999999999994e+000	1.458837e-002	5.765990e-005
1.339999999999993e+000	1.462283e-002	5.787673e-005
1.344999999999993e+000	1.465732e-002	5.809357e-005
1.349999999999993e+000	1.469185e-002	5.831040e-005
1.354999999999993e+000	1.472640e-002	5.852723e-005
1.359999999999993e+000	1.476099e-002	5.874406e-005
1.364999999999993e+000	1.479561e-002	5.896089e-005
1.369999999999993e+000	1.483025e-002	5.917772e-005
1.374999999999993e+000	1.486493e-002	5.939454e-005
1.379999999999993e+000	1.489965e-002	5.961137e-005
1.384999999999993e+000	1.493439e-002	5.982819e-005
1.389999999999992e+000	1.496916e-002	6.004501e-005
1.394999999999992e+000	1.500396e-002	6.026183e-005
1.399999999999992e+000	1.503880e-002	6.047865e-005
1.404999999999992e+000	1.507367e-002	6.069547e-005
1.409999999999992e+000	1.510856e-002	6.091229e-005
1.414999999999992e+000	1.514349e-002	6.112910e-005
1.419999999999992e+000	1.517846e-002	6.134592e-005
1.424999999999992e+000	1.521345e-002	6.156273e-005
1.429999999999992e+000	1.524847e-002	6.177954e-005
1.434999999999991e+000	1.528353e-002	6.199635e-005
1.439999999999991e+000	1.531862e-002	6.221316e-005
1.444999999999991e+000	1.535374e-002	6.242996e-005
1.449999999999991e+000	1.538889e-002	6.264677e-005
1.454999999999991e+000	1.542408e-002	6.286358e-005
1.459999999999991e+000	1.545929e-002	6.308038e-005
1.464999999999991e+000	1.549454e-002	6.329718e-005
1.469999999999991e+000	1.552983e-002	6.351398e-005
1.474999999999991e+000	1.556514e-002	6.373078e-005
1.479999999999990e+000	1.560049e-002	6.394758e-005
1.484999999999990e+000	1.563586e-002	6.416437e-005
1.489999999999990e+000	1.567128e-002	6.438117e-005
1.494999999999990e+000	1.570672e-002	6.459796e-005
1.499999999999990e+000	1.574220e-002	6.481475e-005
1.504999999999990e+000	1.577771e-002	6.503154e-005
1.509999999999990e+000	1.581325e-002	6.524833e-005
1.514999999999990e+000	1.584883e-002	6.546512e-005
1.519999999999990e+000	1.588444e-002	6.568190e-005
1.524999999999990e+000	1.592008e-002	6.589869e-005
1.529999999999989e+000	1.595575e-002	6.611547e-005
1.534999999999989e+000	1.599146e-002	6.633225e-005
1.539999999999989e+000	1.602720e-002	6.654903e-005
1.544999999999989e+000	1.606298e-002	6.676581e-005
1.549999999999989e+000	1.609879e-002	6.698258e-005
1.554999999999989e+000	1.613463e-002	6.719936e-005
1.559999999999989e+000	1.617051e-002	6.741613e-005
1.564999999999989e+000	1.620642e-002	6.763291e-005
1.569999999999989e+000	1.624236e-002	6.784968e-005
1.574999999999988e+000	1.627834e-002	6.806645e-005
1.579999999999988e+000	1.631435e-002	6.828322e-005
1.584999999999988e+000	1.635040e-002	6.849998e-005
1.589999999999988e+000	1.638648e-002	6.871675e-005
1.594999999999988e+000	1.642259e-002	6.893351e-005
1.599999999999988e+000	1.645874e-002	6.915027e-005
1.604999999999988e+000	1.649492e-002	6.936704e-005
1.609999999999988e+000	1.653114e-002	6.958380e-005
1.614999999999988e+000	1.656739e-002	6.980055e-005
1.619999999999988e+000	1.660368e-002	7.001730e-005
1.624999999999987e+000	1.664000e-002	7.023406e-005
1.629999999999987e+000	1.667635e-002	7.045081e-005
1.634999999999987e+000	1.671274e-002	7.066756e-005
1.639999999999987e+000	1.674917e-002	7.088431e-005
1.644999999999987e+000	1.678563e-002	7.110107e-005
1.649999999999987e+000	1.682212e-002	7.131781e-005
1.654999999999987e+000	1.685866e-002	7.153456e-005
1.659999999999987e+000	1.689522e-002	7.175130e-005
1.664999999999987e+000	1.693182e-002	7.196804e-005
1.669999999999986e+000	1.696846e-002	7.218478e-005
1.674999999999986e+000	1.700513e-002	7.240153e-005
1.679999999999986e+000	1.704184e-002	7.261826e-005
1.684999999999986e+000	1.707858e-002	7.283500e-005
1.689999999999986e+000	1.711536e-002	7.305173e-005
1.694999999999986e+000	1.715218e-002	7.326846e-005
1.699999999999986e+000	1.718903e-002	7.348519e-005
1.704999999999986e+000	1.722591e-002	7.370192e-005
1.709999999999986e+000	1.726284e-002	7.391865e-005
1.714999999999985e+000	1.729979e-002	7.413538e-005
1.719999999999985e+000	1.733679e-002	7.435211e-005
1.724999999999985e+000	1.737382e-002	7.456883e-005
1.729999999999985e+000	1.741089e-002	7.478555e-005
1.734999999999985e+000	1.744799e-002	7.500227e-005
1.739999999999985e+000	1.748513e-002	7.521899e-005
1.744999999999985e+000	1.752231e-002	7.543571e-005
1.749999999999985e+000	1.755952e-002	7.565242e-005
1.754999999999985e+000	1.759678e-002	7.586914e-005
1.759999999999985e+000	1.763406e-002	7.608585e-005
1.764999999999984e+000	1.767139e-002	7.630256e-005
1.769999999999984e+000	1.770875e-002	7.651927e-005
1.774999999999984e+000	1.774615e-002	7.673597e-005
1.779999999999984e+000	1.778359e-002	7.695268e-005
1.784999999999984e+000	1.782106e-002	7.716939e-005
1.789999999999984e+000	1.785857e-002	7.738609e-005
1.794999999999984e+000	1.789612e-002	7.760279e-005
1.799999999999984e+000	1.793371e-002	7.781949e-005
1.804999999999984e+000	1.797133e-002	7.803619e-005
1.809999999999983e+000	1.800899e-002	7.825288e-005
1.814999999999983e+000	1.804669e-002	7.846958e-005
1.819999999999983e+000	1.808443e-002	7.868627e-005
1.824999999999983e+000	1.812221e-002	7.890296e-005
1.829999999999983e+000	1.816002e-002	7.911965e-005
1.834999999999983e+000	1.819787e-002	7.933634e-005
1.839999999999983e+000	1.823576e-002	7.955302e-005
1.844999999999983e+000	1.827369e-002	7.976971e-005
1.849999999999983e+000	1.831166e-002	7.998639e-005
1.854999999999982e+000	1.834966e-002	8.020307e-005
1.859999999999982e+000	1.838771e-002	8.041975e-005
1.864999999999982e+000	1.842579e-002	8.063643e-005
1.869999999999982e+000	1.846392e-002	8.085310e-005
1.874999999999982e+000	1.850208e-002	8.106977e-005
1.879999999999982e+000	1.854028e-002	8.128645e-005
1.884999999999982e+000	1.857852e-002	8.150312e-005
1.889999999999982e+000	1.861680e-002	8.171979e-005
1.894999999999982e+000	1.865512e-002	8.193646e-005
1.899999999999982e+000	1.869347e-002	8.215312e-005
1.904999999999981e+000	1.873187e-002	8.236978e-005
1.909999999999981e+000	1.877031e-002	8.258645e-005
1.914999999999981e+000	1.880879e-002	8.280311e-005
1.919999999999981e+000	1.884730e-002	8.301977e-005
1.924999999999981e+000	1.888586e-002	8.323642e-005
1.929999999999981e+000	1.892446e-002	8.345308e-005
1.934999999999981e+000	1.896309e-002	8.366974e-005
1.939999999999981e+000	1.900177e-002	8.388639e-005
1.944999999999981e+000	1.904049e-002	8.410303e-005
1.949999999999980e+000	1.907925e-002	8.431968e-005
1.954999999999980e+000	1.911804e-002	8.453633e-005
1.959999999999980e+000	1.915688e-002	8.475297e-005
1.964999999999980e+000	1.919577e-002	8.496962e-005
1.969999999999980e+000	1.923469e-002	8.518626e-005
1.974999999999980e+000	1.927365e-002	8.540290e-005
1.979999999999980e+000	1.931265e-002	8.561953e-005
1.984999999999980e+000	1.935169e-002	8.583617e-005
1.989999999999980e+000	1.939078e-002	8.605280e-005
1.994999999999980e+000	1.942991e-002	8.626944e-005
1.999999999999979e+000	1.946907e-002	8.648606e-005
2.004999999999980e+000	1.950829e-002	8.670270e-005
2.009999999999979e+000	1.954754e-002	8.691932e-005
2.014999999999979e+000	1.958683e-002	8.713594e-005
2.019999999999979e+000	1.962616e-002	8.735257e-005
2.024999999999979e+000	1.966554e-002	8.756919e-005
2.029999999999979e+000	1.970496e-002	8.778581e-005
2.034999999999979e+000	1.974442e-002	8.800242e-005
2.039999999999979e+000	1.978393e-002	8.821904e-005
2.044999999999979e+000	1.982347e-002	8.843566e-005
2.049999999999979e+000	1.986306e-002	8.865227e-005
2.054999999999978e+000	1.990269e-002	8.886888e-005
2.059999999999978e+000	1.994237e-002	8.908549e-005
2.064999999999978e+000	1.998208e-002	8.930209e-005
2.069999999999978e+000	2.002184e-002	8.951870e-005
2.074999999999978e+000	2.006165e-002	8.973530e-005
2.079999999999978e+000	2.010149e-002	8.995190e-005
2.084999999999978e+000	2.014138e-002	9.016850e-005
2.089999999999978e+000	2.018132e-002	9.038510e-005
2.094999999999978e+000	2.022129e-002	9.060169e-005
2.099999999999977e+000	2.026131e-002	9.081828e-005
2.104999999999977e+000	2.030138e-002	9.103488e-005
2.109999999999977e+000	2.034148e-002	9.125147e-005
2.114999999999977e+000	2.038164e-002	9.146805e-005
2.119999999999977e+000	2.042183e-002	9.168463e-005
2.124999999999977e+000	2.046207e-002	9.190122e-005
2.129999999999977e+000	2.050235e-002	9.211780e-005
2.134999999999977e+000	2.054268e-002	9.233438e-005
2.139999999999977e+000	2.058306e-002	9.255096e-005
2.144999999999977e+000	2.062348e-002	9.276754e-005
2.149999999999976e+000	2.066394e-002	9.298410e-005
2.154999999999976e+000	2.070444e-002	9.320068e-005
2.159999999999976e+000	2.074500e-002	9.341725e-005
2.164999999999976e+000	2.078559e-002	9.363382e-005
2.169999999999976e+000	2.082624e-002	9.385038e-005
2.174999999999976e+000	2.086692e-002	9.406695e-005
2.179999999999976e+000	2.090766e-002	9.428351e-005
2.184999999999976e+000	2.094844e-002	9.450006e-005
2.189999999999976e+000	2.098926e-002	9.471663e-005
2.194999999999975e+000	2.103013e-002	9.493318e-005
2.199999999999975e+000	2.107105e-002	9.514973e-005
2.204999999999975e+000	2.111201e-002	9.536629e-005
2.209999999999975e+000	2.115302e-002	9.558284e-005
2.214999999999975e+000	2.119408e-002	9.579938e-005
2.219999999999975e+000	2.123518e-002	9.601593e-005
2.224999999999975e+000	2.127633e-002	9.623248e-005
2.229999999999975e+000	2.131752e-002	9.644902e-005
2.234999999999975e+000	2.135876e-002	9.666556e-005
2.239999999999975e+000	2.140005e-002	9.688210e-005
2.244999999999974e+000	2.144139e-002	9.709863e-005
2.249999999999974e+000	2.148277e-002	9.731516e-005
2.254999999999974e+000	2.152420e-002	9.753169e-005
2.259999999999974e+000	2.156568e-002	9.774823e-005
2.264999999999974e+000	2.160720e-002	9.796475e-005
2.269999999999974e+000	2.164878e-002	9.818128e-005
2.274999999999974e+000	2.169039e-002	9.839780e-005
2.279999999999974e+000	2.173206e-002	9.861432e-005
2.284999999999974e+000	2.177378e-002	9.883084e-005
2.289999999999973e+000	2.181555e-002	9.904736e-005
2.294999999999973e+000	2.185736e-002	9.926387e-005
2.299999999999973e+000	2.189922e-002	9.948038e-005
2.304999999999973e+000	2.194113e-002	9.969690e-005
2.309999999999973e+000	2.198309e-002	9.991340e-005
2.314999999999973e+000	2.202510e-002	1.001299e-004
2.319999999999973e+000	2.206715e-002	1.003464e-004
2.324999999999973e+000	2.210926e-002	1.005629e-004
2.329999999999973e+000	2.215141e-002	1.007794e-004
2.334999999999972e+000	2.219362e-002	1.009959e-004
2.339999999999972e+000	2.223587e-002	1.012124e-004
2.344999999999972e+000	2.227818e-002	1.014289e-004
2.349999999999972e+000	2.232053e-002	1.016454e-004
2.354999999999972e+000	2.236293e-002	1.018619e-004
2.359999999999972e+000	2.240539e-002	1.020784e-004
2.364999999999972e+000	2.244789e-002	1.022948e-004
2.369999999999972e+000	2.249044e-002	1.025113e-004
2.374999999999972e+000	2.253305e-002	1.027278e-004
2.379999999999972e+000	2.257570e-002	1.029443e-004
2.384999999999971e+000	2.261841e-002	1.031608e-004
2.389999999999971e+000	2.266116e-002	1.033772e-004
2.394999999999971e+000	2.270397e-002	1.035937e-004
2.399999999999971e+000	2.274683e-002	1.038102e-004
2.404999999999971e+000	2.278974e-002	1.040267e-004
2.409999999999971e+000	2.283270e-002	1.042431e-004
2.414999999999971e+000	2.287572e-002	1.044596e-004
2.419999999999971e+000	2.291878e-002	1.046760e-004
2.424999999999971e+000	2.296190e-002	1.048925e-004
2.429999999999970e+000	2.300507e-002	1.051089e-004
2.434999999999970e+000	2.304829e-002	1.053254e-004
2.439999999999970e+000	2.309156e-002	1.055419e-004
2.444999999999970e+000	2.313489e-002	1.057583e-004
2.449999999999970e+000	2.317827e-002	1.059747e-004
2.454999999999970e+000	2.322170e-002	1.061912e-004
2.459999999999970e+000	2.326518e-002	1.064076e-004
2.464999999999970e+000	2.330872e-002	1.066241e-004
2.469999999999970e+000	2.335231e-002	1.068405e-004
2.474999999999969e+000	2.339595e-002	1.070569e-004
2.479999999999969e+000	2.343965e-002	1.072734e-004
2.484999999999969e+000	2.348340e-002	1.074898e-004
2.489999999999969e+000	2.352721e-002	1.077062e-004
2.494999999999969e+000	2.357107e-002	1.079227e-004
2.499999999999969e+000	2.361498e-002	1.081391e-004
2.504999999999969e+000	2.365895e-002	1.083555e-004
2.509999999999969e+000	2.370297e-002	1.085719e-004
2.514999999999969e+000	2.374704e-002	1.087883e-004
2.519999999999969e+000	2.379118e-002	1.090048e-004
2.524999999999968e+000	2.383536e-002	1.092212e-004
2.529999999999968e+000	2.387960e-002	1.094376e-004
2.534999999999968e+000	2.392390e-002	1.096540e-004
2.539999999999968e+000	2.396825e-002	1.098704e-004
2.544999999999968e+000	2.401266e-002	1.100868e-004
2.549999999999968e+000	2.405712e-002	1.103032e-004
2.554999999999968e+000	2.410164e-002	1.105196e-004
2.559999999999968e+000	2.414621e-002	1.107360e-004
2.564999999999968e+000	2.419084e-002	1.109524e-004
2.569999999999967e+000	2.423553e-002	1.111688e-004
2.574999999999967e+000	2.428028e-002	1.113851e-004
2.579999999999967e+000	2.432508e-002	1.116015e-004
2.584999999999967e+000	2.436993e-002	1.118179e-004
2.589999999999967e+000	2.441485e-002	1.120343e-004
2.594999999999967e+000	2.445982e-002	1.122507e-004
2.599999999999967e+000	2.450485e-002	1.124670e-004
2.604999999999967e+000	2.454994e-002	1.126834e-004
2.609999999999967e+000	2.459508e-002	1.128998e-004
2.614999999999967e+000	2.464028e-002	1.131161e-004
2.619999999999966e+000	2.468554e-002	1.133325e-004
2.624999999999966e+000	2.473086e-002	1.135489e-004
2.629999999999966e+000	2.477624e-002	1.137652e-004
2.634999999999966e+000	2.482167e-002	1.139816e-004
2.639999999999966e+000	2.486717e-002	1.141979e-004
2.644999999999966e+000	2.491272e-002	1.144143e-004
2.649999999999966e+000	2.495833e-002	1.146306e-004
2.654999999999966e+000	2.500400e-002	1.148470e-004
2.659999999999966e+000	2.504973e-002	1.150633e-004
2.664999999999965e+000	2.509552e-002	1.152797e-004
2.669999999999965e+000	2.514137e-002	1.154960e-004
2.674999999999965e+000	2.518728e-002	1.157123e-004
2.679999999999965e+000	2.523325e-002	1.159287e-004
2.684999999999965e+000	2.527928e-002	1.161450e-004
2.689999999999965e+000	2.532537e-002	1.163613e-004
2.694999999999965e+000	2.537153e-002	1.165777e-004
2.699999999999965e+000	2.541774e-002	1.167940e-004
2.704999999999965e+000	2.546401e-002	1.170103e-004
2.709999999999964e+000	2.551035e-002	1.172266e-004
2.714999999999964e+000	2.555674e-002	1.174429e-004
2.719999999999964e+000	2.560320e-002	1.176592e-004
2.724999999999964e+000	2.564972e-002	1.178756e-004
2.729999999999964e+000	2.569630e-002	1.180919e-004
2.734999999999964e+000	2.574294e-002	1.183082e-004
2.739999999999964e+000	2.578965e-002	1.185245e-004
2.744999999999964e+000	2.583642e-002	1.187408e-004
2.749999999999964e+000	2.588325e-002	1.189571e-004
2.754999999999964e+000	2.593014e-002	1.191734e-004
2.759999999999963e+000	2.597710e-002	1.193896e-004
2.764999999999963e+000	2.602412e-002	1.196059e-004
2.769999999999963e+000	2.607121e-002	1.198222e-004
2.774999999999963e+000	2.611835e-002	1.200385e-004
2.779999999999963e+000	2.616557e-002	1.202548e-004
2.784999999999963e+000	2.621284e-002	1.204711e-004
2.789999999999963e+000	2.626018e-002	1.206873e-004
2.794999999999963e+000	2.630759e-002	1.209036e-004
2.799999999999963e+000	2.635506e-002	1.211199e-004
2.804999999999962e+000	2.640259e-002	1.213361e-004
2.809999999999962e+000	2.645019e-002	1.215524e-004
2.814999999999962e+000	2.649785e-002	1.217687e-004
2.819999999999962e+000	2.654558e-002	1.219849e-004
2.824999999999962e+000	2.659338e-002	1.222012e-004
2.829999999999962e+000	2.664124e-002	1.224174e-004
2.834999999999962e+000	2.668917e-002	1.226337e-004
2.839999999999962e+000	2.673716e-002	1.228499e-004
2.844999999999962e+000	2.678523e-002	1.230661e-004
2.849999999999962e+000	2.683335e-002	1.232824e-004
2.854999999999961e+000	2.688155e-002	1.234986e-004
2.859999999999961e+000	2.692981e-002	1.237149e-004
2.864999999999961e+000	2.697814e-002	1.239311e-004
2.869999999999961e+000	2.702654e-002	1.241473e-004
2.874999999999961e+000	2.707500e-002	1.243635e-004
2.879999999999961e+000	2.712353e-002	1.245798e-004
2.884999999999961e+000	2.717214e-002	1.247960e-004
2.889999999999961e+000	2.722080e-002	1.250122e-004
2.894999999999961e+000	2.726954e-002	1.252284e-004
2.899999999999960e+000	2.731835e-002	1.254446e-004
2.904999999999960e+000	2.736722e-002	1.256608e-004
2.909999999999960e+000	2.741617e-002	1.258770e-004
2.914999999999960e+000	2.746519e-002	1.260932e-004
2.919999999999960e+000	2.751427e-002	1.263094e-004
2.924999999999960e+000	2.756343e-002	1.265256e-004
2.929999999999960e+000	2.761265e-002	1.267418e-004
2.934999999999960e+000	2.766195e-002	1.269580e-004
2.939999999999960e+000	2.771131e-002	1.271742e-004
2.944999999999959e+000	2.776075e-002	1.273904e-004
2.949999999999959e+000	2.781026e-002	1.276065e-004
2.954999999999959e+000	2.785984e-002	1.278227e-004
2.959999999999959e+000	2.790949e-002	1.280389e-004
2.964999999999959e+000	2.795922e-002	1.282551e-004
2.969999999999959e+000	2.800901e-002	1.284712e-004
2.974999999999959e+000	2.805888e-002	1.286874e-004
2.979999999999959e+000	2.810882e-002	1.289035e-004
2.984999999999959e+000	2.815883e-002	1.291197e-004
2.989999999999959e+000	2.820892e-002	1.293359e-004
2.994999999999958e+000	2.825908e-002	1.295520e-004
2.999999999999958e+000	2.830931e-002	1.297682e-004
3.004999999999958e+000	2.835962e-002	1.299843e-004
3.009999999999958e+000	2.841000e-002	1.302004e-004
3.014999999999958e+000	2.846046e-002	1.304166e-004
3.019999999999958e+000	2.851099e-002	1.306327e-004
3.024999999999958e+000	2.856159e-002	1.308488e-004
3.029999999999958e+000	2.861227e-002	1.310650e-004
3.034999999999958e+000	2.866303e-002	1.312811e-004
3.039999999999957e+000	2.871386e-002	1.314972e-004
3.044999999999957e+000	2.876477e-002	1.317133e-004
3.049999999999957e+000	2.881575e-002	1.319294e-004
3.054999999999957e+000	2.886681e-002	1.321455e-004
3.059999999999957e+000	2.891794e-002	1.323617e-004
3.064999999999957e+000	2.896916e-002	1.325778e-004
3.069999999999957e+000	2.902045e-002	1.327939e-004
3.074999999999957e+000	2.907181e-002	1.330100e-004
3.079999999999957e+000	2.912326e-002	1.332261e-004
3.084999999999956e+000	2.917478e-002	1.334422e-004
3.089999999999956e+000	2.922638e-002	1.336582e-004
3.094999999999956e+000	2.927806e-002	1.338743e-004
3.099999999999956e+000	2.932982e-002	1.340904e-004
3.104999999999956e+000	2.938165e-002	1.343065e-004
3.109999999999956e+000	2.943357e-002	1.345225e-004
3.114999999999956e+000	2.948556e-002	1.347386e-004
3.119999999999956e+000	2.953764e-002	1.349547e-004
3.124999999999956e+000	2.958979e-002	1.351707e-004
3.129999999999956e+000	2.964203e-002	1.353868e-004
3.134999999999955e+000	2.969435e-002	1.356029e-004
3.139999999999955e+000	2.974674e-002	1.358189e-004
3.144999999999955e+000	2.979922e-002	1.360350e-004
3.149999999999955e+000	2.985178e-002	1.362510e-004
3.154999999999955e+000	2.990442e-002	1.364671e-004
3.159999999999955e+000	2.995715e-002	1.366831e-004
3.164999999999955e+000	3.000995e-002	1.368991e-004
3.169999999999955e+000	3.006284e-002	1.371152e-004
3.174999999999955e+000	3.011581e-002	1.373312e-004
3.179999999999954e+000	3.016887e-002	1.375472e-004
3.184999999999954e+000	3.022200e-002	1.377632e-004
3.189999999999954e+000	3.027523e-002	1.379793e-004
3.194999999999954e+000	3.032853e-002	1.381953e-004
3.199999999999954e+000	3.038192e-002	1.384113e-004
3.204999999999954e+000	3.043539e-002	1.386273e-004
3.209999999999954e+000	3.048895e-002	1.388433e-004
3.214999999999954e+000	3.054260e-002	1.390593e-004
3.219999999999954e+000	3.059633e-002	1.392753e-004
3.224999999999954e+000	3.065015e-002	1.394913e-004
3.229999999999953e+000	3.070405e-002	1.397072e-004
3.234999999999953e+000	3.075804e-002	1.399232e-004
3.239999999999953e+000	3.081211e-002	1.401392e-004
3.244999999999953e+000	3.086628e-002	1.403552e-004
3.249999999999953e+000	3.092053e-002	1.405712e-004
3.254999999999953e+000	3.097486e-002	1.407871e-004
3.259999999999953e+000	3.102929e-002	1.410031e-004
3.264999999999953e+000	3.108381e-002	1.412190e-004
3.269999999999953e+000	3.113841e-002	1.414350e-004
3.274999999999952e+000	3.119310e-002	1.416510e-004
3.279999999999952e+000	3.124788e-002	1.418669e-004
3.284999999999952e+000	3.130275e-002	1.420828e-004
3.289999999999952e+000	3.135771e-002	1.422988e-004
3.294999999999952e+000	3.141277e-002	1.425147e-004
3.299999999999952e+000	3.146791e-002	1.427307e-004
3.304999999999952e+000	3.152314e-002	1.429466e-004
3.309999999999952e+000	3.157847e-002	1.431625e-004
3.314999999999952e+000	3.163388e-002	1.433784e-004
3.319999999999951e+000	3.168939e-002	1.435944e-004
3.324999999999951e+000	3.174499e-002	1.438103e-004
3.329999999999951e+000	3.180068e-002	1.440262e-004
3.334999999999951e+000	3.185647e-002	1.442421e-004
3.339999999999951e+000	3.191235e-002	1.444580e-004
3.344999999999951e+000	3.196832e-002	1.446739e-004
3.349999999999951e+000	3.202439e-002	1.448898e-004
3.354999999999951e+000	3.208055e-002	1.451057e-004
3.359999999999951e+000	3.213681e-002	1.453215e-004
3.364999999999951e+000	3.219316e-002	1.455374e-004
3.369999999999950e+000	3.224961e-002	1.457533e-004
3.374999999999950e+000	3.230615e-002	1.459692e-004
3.379999999999950e+000	3.236279e-002	1.461850e-004
3.384999999999950e+000	3.241953e-002	1.464009e-004
3.389999999999950e+000	3.247636e-002	1.466168e-004
3.394999999999950e+000	3.253329e-002	1.468326e-004
3.399999999999950e+000	3.259032e-002	1.470485e-004
3.404999999999950e+000	3.264745e-002	1.472643e-004
3.409999999999950e+000	3.270467e-002	1.474801e-004
3.414999999999949e+000	3.276199e-002	1.476960e-004
3.419999999999949e+000	3.281942e-002	1.479118e-004
3.424999999999949e+000	3.287694e-002	1.481276e-004
3.429999999999949e+000	3.293456e-002	1.483435e-004
3.434999999999949e+000	3.299228e-002	1.485593e-004
3.439999999999949e+000	3.305010e-002	1.487751e-004
3.444999999999949e+000	3.310803e-002	1.489909e-004
3.449999999999949e+000	3.316605e-002	1.492067e-004
3.454999999999949e+000	3.322418e-002	1.494225e-004
3.459999999999949e+000	3.328241e-002	1.496383e-004
3.464999999999948e+000	3.334074e-002	1.498541e-004
3.469999999999948e+000	3.339918e-002	1.500699e-004
3.474999999999948e+000	3.345772e-002	1.502857e-004
3.479999999999948e+000	3.351637e-002	1.505015e-004
3.484999999999948e+000	3.357511e-002	1.507172e-004
3.489999999999948e+000	3.363397e-002	1.509330e-004
3.494999999999948e+000	3.369292e-002	1.511488e-004
3.499999999999948e+000	3.375199e-002	1.513645e-004
3.504999999999948e+000	3.381116e-002	1.515803e-004
3.509999999999947e+000	3.387043e-002	1.517960e-004
3.514999999999947e+000	3.392981e-002	1.520118e-004
3.519999999999947e+000	3.398930e-002	1.522275e-004
3.524999999999947e+000	3.404890e-002	1.524433e-004
3.529999999999947e+000	3.410861e-002	1.526590e-004
3.534999999999947e+000	3.416842e-002	1.528747e-004
3.539999999999947e+000	3.422834e-002	1.530905e-004
3.544999999999947e+000	3.428838e-002	1.533062e-004
3.549999999999947e+000	3.434852e-002	1.535219e-004
3.554999999999946e+000	3.440877e-002	1.537376e-004
3.559999999999946e+000	3.446914e-002	1.539533e-004
3.564999999999946e+000	3.452961e-002	1.541690e-004
3.569999999999946e+000	3.459020e-002	1.543847e-004
3.574999999999946e+000	3.465090e-002	1.546004e-004
3.579999999999946e+000	3.471171e-002	1.548161e-004
3.584999999999946e+000	3.477263e-002	1.550318e-004
3.589999999999946e+000	3.483367e-002	1.552474e-004
3.594999999999946e+000	3.489482e-002	1.554631e-004
3.599999999999946e+000	3.495609e-002	1.556788e-004
3.604999999999945e+000	3.501747e-002	1.558944e-004
3.609999999999945e+000	3.507897e-002	1.561101e-004
3.614999999999945e+000	3.514058e-002	1.563257e-004
3.619999999999945e+000	3.520231e-002	1.565414e-004
3.624999999999945e+000	3.526415e-002	1.567570e-004
3.629999999999945e+000	3.532612e-002	1.569727e-004
3.634999999999945e+000	3.538820e-002	1.571883e-004
3.639999999999945e+000	3.545040e-002	1.574039e-004
3.644999999999945e+000	3.551271e-002	1.576195e-004
3.649999999999944e+000	3.557515e-002	1.578352e-004
3.654999999999944e+000	3.563771e-002	1.580508e-004
3.659999999999944e+000	3.570038e-002	1.582664e-004
3.664999999999944e+000	3.576319e-002	1.584820e-004
3.669999999999944e+000	3.582610e-002	1.586976e-004
3.674999999999944e+000	3.588914e-002	1.589131e-004
3.679999999999944e+000	3.595231e-002	1.591287e-004
3.684999999999944e+000	3.601560e-002	1.593443e-004
3.689999999999944e+000	3.607900e-002	1.595599e-004
3.694999999999943e+000	3.614254e-002	1.597754e-004
3.699999999999943e+000	3.620620e-002	1.599910e-004
3.704999999999943e+000	3.626998e-002	1.602065e-004
3.709999999999943e+000	3.633389e-002	1.604221e-004
3.714999999999943e+000	3.639793e-002	1.606376e-004
3.719999999999943e+000	3.646209e-002	1.608532e-004
3.724999999999943e+000	3.652638e-002	1.610687e-004
3.729999999999943e+000	3.659080e-002	1.612842e-004
3.734999999999943e+000	3.665534e-002	1.614998e-004
3.739999999999943e+000	3.672002e-002	1.617153e-004
3.744999999999942e+000	3.678482e-002	1.619308e-004
3.749999999999942e+000	3.684975e-002	1.621463e-004
3.754999999999942e+000	3.691481e-002	1.623618e-004
3.759999999999942e+000	3.698001e-002	1.625773e-004
3.764999999999942e+000	3.704534e-002	1.627928e-004
3.769999999999942e+000	3.711080e-002	1.630083e-004
3.774999999999942e+000	3.717639e-002	1.632237e-004
3.779999999999942e+000	3.724211e-002	1.634392e-004
3.784999999999942e+000	3.730797e-002	1.636547e-004
3.789999999999941e+000	3.737397e-002	1.638701e-004
3.794999999999941e+000	3.744010e-002	1.640856e-004
3.799999999999941e+000	3.750636e-002	1.643010e-004
3.804999999999941e+000	3.757277e-002	1.645165e-004
3.809999999999941e+000	3.763930e-002	1.647319e-004
3.814999999999941e+000	3.770598e-002	1.649473e-004
3.819999999999941e+000	3.777280e-002	1.651628e-004
3.824999999999941e+000	3.783975e-002	1.653782e-004
3.829999999999941e+000	3.790684e-002	1.655936e-004
3.834999999999941e+000	3.797408e-002	1.658090e-004
3.839999999999940e+000	3.804145e-002	1.660244e-004
3.844999999999940e+000	3.810897e-002	1.662398e-004
3.849999999999940e+000	3.817663e-002	1.664552e-004
3.854999999999940e+000	3.824443e-002	1.666706e-004
3.859999999999940e+000	3.831238e-002	1.668859e-004
3.864999999999940e+000	3.838047e-002	1.671013e-004
3.869999999999940e+000	3.844870e-002	1.673167e-004
3.874999999999940e+000	3.851708e-002	1.675320e-004
3.879999999999940e+000	3.858560e-002	1.677473e-004
3.884999999999939e+000	3.865428e-002	1.679627e-004
3.889999999999939e+000	3.872310e-002	1.681780e-004
3.894999999999939e+000	3.879207e-002	1.683934e-004
3.899999999999939e+000	3.886118e-002	1.686087e-004
3.904999999999939e+000	3.893045e-002	1.688240e-004
3.909999999999939e+000	3.899987e-002	1.690393e-004
3.914999999999939e+000	3.906944e-002	1.692546e-004
3.919999999999939e+000	3.913916e-002	1.694699e-004
3.924999999999939e+000	3.920903e-002	1.696852e-004
3.929999999999938e+000	3.927905e-002	1.699005e-004
3.934999999999938e+000	3.934923e-002	1.701158e-004
3.939999999999938e+000	3.941957e-002	1.703310e-004
3.944999999999938e+000	3.949006e-002	1.705463e-004
3.949999999999938e+000	3.956070e-002	1.707615e-004
3.954999999999938e+000	3.963150e-002	1.709768e-004
3.959999999999938e+000	3.970246e-002	1.711920e-004
3.964999999999938e+000	3.977358e-002	1.714073e-004
3.969999999999938e+000	3.984486e-002	1.716225e-004
3.974999999999938e+000	3.991630e-002	1.718377e-004
3.979999999999937e+000	3.998790e-002	1.720529e-004
3.984999999999937e+000	4.005966e-002	1.722681e-004
3.989999999999937e+000	4.013158e-002	1.724833e-004
3.994999999999937e+000	4.020366e-002	1.726985e-004
3.999999999999937e+000	4.027592e-002	1.729137e-004
4.004999999999937e+000	4.034833e-002	1.731289e-004
4.009999999999937e+000	4.042091e-002	1.733441e-004
4.014999999999937e+000	4.049366e-002	1.735592e-004
4.019999999999937e+000	4.056657e-002	1.737744e-004
4.024999999999936e+000	4.063965e-002	1.739895e-004
4.029999999999936e+000	4.071290e-002	1.742047e-004
4.034999999999936e+000	4.078632e-002	1.744198e-004
4.039999999999936e+000	4.085991e-002	1.746349e-004
4.044999999999936e+000	4.093367e-002	1.748501e-004
4.049999999999936e+000	4.100760e-002	1.750652e-004
4.054999999999936e+000	4.108171e-002	1.752803e-004
4.059999999999936e+000	4.115599e-002	1.754954e-004
4.064999999999936e+000	4.123045e-002	1.757105e-004
4.069999999999935e+000	4.130508e-002	1.759255e-004
4.074999999999935e+000	4.137989e-002	1.761406e-004
4.079999999999935e+000	4.145487e-002	1.763557e-004
4.084999999999935e+000	4.153004e-002	1.765707e-004
4.089999999999935e+000	4.160538e-002	1.767858e-004
4.094999999999935e+000	4.168091e-002	1.770008e-004
4.099999999999935e+000	4.175661e-002	1.772159e-004
4.104999999999935e+000	4.183250e-002	1.774309e-004
4.109999999999935e+000	4.190857e-002	1.776459e-004
4.114999999999935e+000	4.198483e-002	1.778609e-004
4.119999999999934e+000	4.206127e-002	1.780759e-004
4.124999999999934e+000	4.213789e-002	1.782909e-004
4.129999999999934e+000	4.221471e-002	1.785059e-004
4.134999999999934e+000	4.229170e-002	1.787209e-004
4.139999999999934e+000	4.236890e-002	1.789359e-004
4.144999999999934e+000	4.244627e-002	1.791508e-004
4.149999999999934e+000	4.252385e-002	1.793658e-004
4.154999999999934e+000	4.260161e-002	1.795807e-004
4.159999999999934e+000	4.267957e-002	1.797957e-004
4.164999999999933e+000	4.275772e-002	1.800106e-004
4.169999999999933e+000	4.283606e-002	1.802255e-004
4.174999999999933e+000	4.291460e-002	1.804404e-004
4.179999999999933e+000	4.299334e-002	1.806553e-004
4.184999999999933e+000	4.307228e-002	1.808702e-004
4.189999999999933e+000	4.315141e-002	1.810851e-004
4.194999999999933e+000	4.323075e-002	1.813000e-004
4.199999999999933e+000	4.331029e-002	1.815148e-004
4.204999999999933e+000	4.339003e-002	1.817297e-004
4.209999999999933e+000	4.346997e-002	1.819445e-004
4.214999999999932e+000	4.355012e-002	1.821594e-004
4.219999999999932e+000	4.363048e-002	1.823742e-004
4.224999999999932e+000	4.371104e-002	1.825890e-004
4.229999999999932e+000	4.379181e-002	1.828039e-004
4.234999999999932e+000	4.387279e-002	1.830187e-004
4.239999999999932e+000	4.395398e-002	1.832335e-004
4.244999999999932e+000	4.403538e-002	1.834482e-004
4.249999999999932e+000	4.411700e-002	1.836630e-004
4.254999999999932e+000	4.419883e-002	1.838778e-004
4.259999999999931e+000	4.428087e-002	1.840925e-004
4.264999999999931e+000	4.436313e-002	1.843073e-004
4.269999999999931e+000	4.444561e-002	1.845220e-004
4.274999999999931e+000	4.452831e-002	1.847368e-004
4.279999999999931e+000	4.461122e-002	1.849515e-004
4.284999999999931e+000	4.469436e-002	1.851662e-004
4.289999999999931e+000	4.477772e-002	1.853809e-004
4.294999999999931e+000	4.486131e-002	1.855956e-004
4.299999999999931e+000	4.494512e-002	1.858103e-004
4.304999999999930e+000	4.502916e-002	1.860249e-004
4.309999999999930e+000	4.511343e-002	1.862396e-004
4.314999999999930e+000	4.519792e-002	1.864542e-004
4.319999999999930e+000	4.528265e-002	1.866689e-004
4.324999999999930e+000	4.536761e-002	1.868835e-004
4.329999999999930e+000	4.545280e-002	1.870981e-004
4.334999999999930e+000	4.553822e-002	1.873127e-004
4.339999999999930e+000	4.562388e-002	1.875273e-004
4.344999999999930e+000	4.570978e-002	1.877419e-004
4.349999999999930e+000	4.579592e-002	1.879565e-004
4.354999999999929e+000	4.588230e-002	1.881711e-004
4.359999999999929e+000	4.596892e-002	1.883856e-004
4.364999999999929e+000	4.605578e-002	1.886002e-004
4.369999999999929e+000	4.614289e-002	1.888147e-004
4.374999999999929e+000	4.623024e-002	1.890292e-004
4.379999999999929e+000	4.631784e-002	1.892438e-004
4.384999999999929e+000	4.640569e-002	1.894583e-004
4.389999999999929e+000	4.649379e-002	1.896728e-004
4.394999999999929e+000	4.658214e-002	1.898872e-004
4.399999999999928e+000	4.667075e-002	1.901017e-004
4.404999999999928e+000	4.675961e-002	1.903162e-004
4.409999999999928e+000	4.684873e-002	1.905306e-004
4.414999999999928e+000	4.693811e-002	1.907451e-004
4.419999999999928e+000	4.702774e-002	1.909595e-004
4.424999999999928e+000	4.711764e-002	1.911739e-004
4.429999999999928e+000	4.720780e-002	1.913883e-004
4.434999999999928e+000	4.729822e-002	1.916027e-004
4.439999999999928e+000	4.738891e-002	1.918171e-004
4.444999999999928e+000	4.747988e-002	1.920315e-004
4.449999999999927e+000	4.757110e-002	1.922458e-004
4.454999999999927e+000	4.766260e-002	1.924602e-004
4.459999999999927e+000	4.775438e-002	1.926745e-004
4.464999999999927e+000	4.784643e-002	1.928888e-004
4.469999999999927e+000	4.793875e-002	1.931031e-004
4.474999999999927e+000	4.803136e-002	1.933174e-004
4.479999999999927e+000	4.812424e-002	1.935317e-004
4.484999999999927e+000	4.821740e-002	1.937460e-004
4.489999999999927e+000	4.831085e-002	1.939602e-004
4.494999999999926e+000	4.840459e-002	1.941745e-004
4.499999999999926e+000	4.849861e-002	1.943887e-004
4.504999999999926e+000	4.859292e-002	1.946029e-004
4.509999999999926e+000	4.868753e-002	1.948171e-004
4.514999999999926e+000	4.878242e-002	1.950313e-004
4.519999999999926e+000	4.887761e-002	1.952455e-004
4.524999999999926e+000	4.897310e-002	1.954597e-004
4.529999999999926e+000	4.906889e-002	1.956738e-004
4.534999999999926e+000	4.916498e-002	1.958880e-004
4.539999999999925e+000	4.926137e-002	1.961021e-004
4.544999999999925e+000	4.935806e-002	1.963162e-004
4.549999999999925e+000	4.945507e-002	1.965304e-004
4.554999999999925e+000	4.955237e-002	1.967444e-004
4.559999999999925e+000	4.965000e-002	1.969585e-004
4.564999999999925e+000	4.974793e-002	1.971726e-004
4.569999999999925e+000	4.984618e-002	1.973866e-004
4.574999999999925e+000	4.994475e-002	1.976007e-004
4.579999999999925e+000	5.004364e-002	1.978147e-004
4.584999999999925e+000	5.014285e-002	1.980287e-004
4.589999999999924e+000	5.024239e-002	1.982427e-004
4.594999999999924e+000	5.034225e-002	1.984567e-004
4.599999999999924e+000	5.044243e-002	1.986706e-004
4.604999999999924e+000	5.054295e-002	1.988846e-004
4.609999999999924e+000	5.064381e-002	1.990985e-004
4.614999999999924e+000	5.074500e-002	1.993124e-004
4.619999999999924e+000	5.084652e-002	1.995264e-004
4.624999999999924e+000	5.094839e-002	1.997402e-004
4.629999999999924e+000	5.105060e-002	1.999541e-004
4.634999999999923e+000	5.115315e-002	2.001680e-004
4.639999999999923e+000	5.125605e-002	2.003818e-004
4.644999999999923e+000	5.135930e-002	2.005957e-004
4.649999999999923e+000	5.146290e-002	2.008095e-004
4.654999999999923e+000	5.156686e-002	2.010233e-004
4.659999999999923e+000	5.167118e-002	2.012371e-004
4.664999999999923e+000	5.177585e-002	2.014508e-004
4.669999999999923e+000	5.188089e-002	2.016646e-004
4.674999999999923e+000	5.198630e-002	2.018783e-004
4.679999999999922e+000	5.209207e-002	2.020921e-004
4.684999999999922e+000	5.219821e-002	2.023058e-004
4.689999999999922e+000	5.230473e-002	2.025194e-004
4.694999999999922e+000	5.241162e-002	2.027331e-004
4.699999999999922e+000	5.251889e-002	2.029468e-004
4.704999999999922e+000	5.262654e-002	2.031604e-004
4.709999999999922e+000	5.273458e-002	2.033740e-004
4.714999999999922e+000	5.284300e-002	2.035876e-004
4.719999999999922e+000	5.295182e-002	2.038012e-004
4.724999999999922e+000	5.306103e-002	2.040148e-004
4.729999999999921e+000	5.317063e-002	2.042284e-004
4.734999999999921e+000	5.328064e-002	2.044419e-004
4.739999999999921e+000	5.339104e-002	2.046554e-004
4.744999999999921e+000	5.350186e-002	2.048689e-004
4.749999999999921e+000	5.361308e-002	2.050824e-004
4.754999999999921e+000	5.372471e-002	2.052959e-004
4.759999999999921e+000	5.383676e-002	2.055093e-004
4.764999999999921e+000	5.394923e-002	2.057227e-004
4.769999999999921e+000	5.406211e-002	2.059362e-004
4.774999999999920e+000	5.417543e-002	2.061495e-004
4.779999999999920e+000	5.428917e-002	2.063629e-004
4.784999999999920e+000	5.440334e-002	2.065763e-004
4.789999999999920e+000	5.451794e-002	2.067896e-004
4.794999999999920e+000	5.463299e-002	2.070029e-004
4.799999999999920e+000	5.474848e-002	2.072162e-004
4.804999999999920e+000	5.486441e-002	2.074295e-004
4.809999999999920e+000	5.498079e-002	2.076428e-004
4.814999999999920e+000	5.509762e-002	2.078560e-004
4.819999999999920e+000	5.521492e-002	2.080692e-004
4.824999999999919e+000	5.533267e-002	2.082824e-004
4.829999999999919e+000	5.545088e-002	2.084956e-004
4.834999999999919e+000	5.556956e-002	2.087087e-004
4.839999999999919e+000	5.568872e-002	2.089219e-004
4.844999999999919e+000	5.580835e-002	2.091350e-004
4.849999999999919e+000	5.592845e-002	2.093481e-004
4.854999999999919e+000	5.604905e-002	2.095612e-004
4.859999999999919e+000	5.617012e-002	2.097742e-004
4.864999999999919e+000	5.629170e-002	2.099873e-004
4.869999999999918e+000	5.641376e-002	2.102003e-004
4.874999999999918e+000	5.653633e-002	2.104133e-004
4.879999999999918e+000	5.665940e-002	2.106262e-004
4.884999999999918e+000	5.678298e-002	2.108392e-004
4.889999999999918e+000	5.690707e-002	2.110521e-004
4.894999999999918e+000	5.703168e-002	2.112650e-004
4.899999999999918e+000	5.715681e-002	2.114779e-004
4.904999999999918e+000	5.728246e-002	2.116907e-004
4.909999999999918e+000	5.740865e-002	2.119035e-004
4.914999999999917e+000	5.753537e-002	2.121164e-004
4.919999999999917e+000	5.766264e-002	2.123291e-004
4.924999999999917e+000	5.779044e-002	2.125419e-004
4.929999999999917e+000	5.791880e-002	2.127546e-004
4.934999999999917e+000	5.804772e-002	2.129674e-004
4.939999999999917e+000	5.817719e-002	2.131800e-004
4.944999999999917e+000	5.830722e-002	2.133927e-004
4.949999999999917e+000	5.843783e-002	2.136053e-004
4.954999999999917e+000	5.856901e-002	2.138179e-004
4.959999999999917e+000	5.870077e-002	2.140305e-004
4.964999999999916e+000	5.883312e-002	2.142431e-004
4.969999999999916e+000	5.896606e-002	2.144556e-004
4.974999999999916e+000	5.909960e-002	2.146681e-004
4.979999999999916e+000	5.923374e-002	2.148806e-004
4.984999999999916e+000	5.936848e-002	2.150931e-004
4.989999999999916e+000	5.950384e-002	2.153055e-004
4.994999999999916e+000	5.963982e-002	2.155179e-004
4.999999999999916e+000	5.977642e-002	2.157303e-004
5.004999999999916e+000	5.991365e-002	2.159426e-004
5.009999999999915e+000	6.005152e-002	2.161549e-004
5.014999999999915e+000	6.019003e-002	2.163672e-004
5.019999999999915e+000	6.032920e-002	2.165795e-004
5.024999999999915e+000	6.046901e-002	2.167917e-004
5.029999999999915e+000	6.060949e-002	2.170040e-004
5.034999999999915e+000	6.075064e-002	2.172161e-004
5.039999999999915e+000	6.089246e-002	2.174283e-004
5.044999999999915e+000	6.103497e-002	2.176404e-004
5.049999999999915e+000	6.117816e-002	2.178525e-004
5.054999999999915e+000	6.132205e-002	2.180645e-004
5.059999999999914e+000	6.146664e-002	2.182766e-004
5.064999999999914e+000	6.161194e-002	2.184886e-004
5.069999999999914e+000	6.175795e-002	2.187005e-004
5.074999999999914e+000	6.190469e-002	2.189125e-004
5.079999999999914e+000	6.205216e-002	2.191244e-004
5.084999999999914e+000	6.220037e-002	2.193362e-004
5.089999999999914e+000	6.234932e-002	2.195481e-004
5.094999999999914e+000	6.249903e-002	2.197599e-004
5.099999999999914e+000	6.264950e-002	2.199716e-004
5.104999999999913e+000	6.280074e-002	2.201834e-004
5.109999999999913e+000	6.295276e-002	2.203951e-004
5.114999999999913e+000	6.310556e-002	2.206067e-004
5.119999999999913e+000	6.325915e-002	2.208184e-004
5.124999999999913e+000	6.341356e-002	2.210300e-004
5.129999999999913e+000	6.356877e-002	2.212415e-004
5.134999999999913e+000	6.372480e-002	2.214531e-004
5.139999999999913e+000	6.388167e-002	2.216646e-004
5.144999999999913e+000	6.403936e-002	2.218760e-004
5.149999999999912e+000	6.419791e-002	2.220874e-004
5.154999999999912e+000	6.435731e-002	2.222988e-004
5.159999999999912e+000	6.451758e-002	2.225101e-004
5.164999999999912e+000	6.467872e-002	2.227215e-004
5.169999999999912e+000	6.484076e-002	2.229327e-004
5.174999999999912e+000	6.500368e-002	2.231439e-004
5.179999999999912e+000	6.516751e-002	2.233551e-004
5.184999999999912e+000	6.533226e-002	2.235663e-004
5.189999999999912e+000	6.549793e-002	2.237774e-004
5.194999999999912e+000	6.566454e-002	2.239884e-004
5.199999999999911e+000	6.583210e-002	2.241995e-004
5.204999999999911e+000	6.600062e-002	2.244105e-004
5.209999999999911e+000	6.617010e-002	2.246214e-004
5.214999999999911e+000	6.634057e-002	2.248323e-004
5.219999999999911e+000	6.651204e-002	2.250431e-004
5.224999999999911e+000	6.668451e-002	2.252540e-004
5.229999999999911e+000	6.685799e-002	2.254647e-004
5.234999999999911e+000	6.703250e-002	2.256754e-004
5.239999999999911e+000	6.720806e-002	2.258861e-004
5.244999999999910e+000	6.738467e-002	2.260967e-004
5.249999999999910e+000	6.756235e-002	2.263073e-004
5.254999999999910e+000	6.774110e-002	2.265179e-004
5.259999999999910e+000	6.792095e-002	2.267283e-004
5.264999999999910e+000	6.810191e-002	2.269388e-004
5.269999999999910e+000	6.828400e-002	2.271492e-004
5.274999999999910e+000	6.846721e-002	2.273595e-004
5.279999999999910e+000	6.865158e-002	2.275698e-004
5.284999999999910e+000	6.883711e-002	2.277800e-004
5.289999999999909e+000	6.902382e-002	2.279902e-004
5.294999999999909e+000	6.921172e-002	2.282004e-004
5.299999999999909e+000	6.940084e-002	2.284104e-004
5.304999999999909e+000	6.959118e-002	2.286205e-004
5.309999999999909e+000	6.978276e-002	2.288305e-004
5.314999999999909e+000	6.997561e-002	2.290404e-004
5.319999999999909e+000	7.016972e-002	2.292502e-004
5.324999999999909e+000	7.036514e-002	2.294600e-004
5.329999999999909e+000	7.056186e-002	2.296698e-004
5.334999999999909e+000	7.075991e-002	2.298795e-004
5.339999999999908e+000	7.095930e-002	2.300891e-004
5.344999999999908e+000	7.116006e-002	2.302987e-004
5.349999999999908e+000	7.136220e-002	2.305082e-004
5.354999999999908e+000	7.156575e-002	2.307176e-004
5.359999999999908e+000	7.177073e-002	2.309270e-004
5.364999999999908e+000	7.197714e-002	2.311364e-004
5.369999999999908e+000	7.218502e-002	2.313456e-004
5.374999999999908e+000	7.239438e-002	2.315548e-004
5.379999999999908e+000	7.260524e-002	2.317640e-004
5.384999999999907e+000	7.281764e-002	2.319730e-004
5.389999999999907e+000	7.303158e-002	2.321820e-004
5.394999999999907e+000	7.324710e-002	2.323910e-004
5.399999999999907e+000	7.346421e-002	2.325998e-004
5.404999999999907e+000	7.368295e-002	2.328086e-004
5.409999999999907e+000	7.390332e-002	2.330173e-004
5.414999999999907e+000	7.412537e-002	2.332260e-004
5.419999999999907e+000	7.434911e-002	2.334345e-004
5.424999999999907e+000	7.457458e-002	2.336430e-004
5.429999999999907e+000	7.480180e-002	2.338514e-004
5.434999999999906e+000	7.503078e-002	2.340598e-004
5.439999999999906e+000	7.526157e-002	2.342681e-004
5.444999999999906e+000	7.549419e-002	2.344762e-004
5.449999999999906e+000	7.572867e-002	2.346843e-004
5.454999999999906e+000	7.596505e-002	2.348924e-004
5.459999999999906e+000	7.620334e-002	2.351003e-004
5.464999999999906e+000	7.644359e-002	2.353081e-004
5.469999999999906e+000	7.668582e-002	2.355159e-004
5.474999999999906e+000	7.693007e-002	2.357236e-004
5.479999999999905e+000	7.717637e-002	2.359312e-004
5.484999999999905e+000	7.742476e-002	2.361387e-004
5.489999999999905e+000	7.767527e-002	2.363461e-004
5.494999999999905e+000	7.792793e-002	2.365534e-004
5.499999999999905e+000	7.818279e-002	2.367606e-004
5.504999999999905e+000	7.843989e-002	2.369677e-004
5.509999999999905e+000	7.869926e-002	2.371747e-004
5.514999999999905e+000	7.896094e-002	2.373816e-004
5.519999999999905e+000	7.922497e-002	2.375884e-004
5.524999999999904e+000	7.949141e-002	2.377951e-004
5.529999999999904e+000	7.976028e-002	2.380017e-004
5.534999999999904e+000	8.003163e-002	2.382082e-004
5.539999999999904e+000	8.030552e-002	2.384146e-004
5.544999999999904e+000	8.058198e-002	2.386209e-004
5.549999999999904e+000	8.086106e-002	2.388270e-004
5.554999999999904e+000	8.114283e-002	2.390331e-004
5.559999999999904e+000	8.142731e-002	2.392390e-004
5.564999999999904e+000	8.171459e-002	2.394448e-004
5.569999999999904e+000	8.200469e-002	2.396505e-004
5.574999999999903e+000	8.229768e-002	2.398560e-004
5.579999999999903e+000	8.259361e-002	2.400614e-004
5.584999999999903e+000	8.289255e-002	2.402667e-004
5.589999999999903e+000	8.319456e-002	2.404719e-004
5.594999999999903e+000	8.349969e-002	2.406769e-004
5.599999999999903e+000	8.380802e-002	2.408818e-004
5.604999999999903e+000	8.411960e-002	2.410865e-004
5.609999999999903e+000	8.443452e-002	2.412911e-004
5.614999999999903e+000	8.475283e-002	2.414955e-004
5.619999999999902e+000	8.507460e-002	2.416998e-004
5.624999999999902e+000	8.539993e-002	2.419039e-004
5.629999999999902e+000	8.572887e-002	2.421079e-004
5.634999999999902e+000	8.606151e-002	2.423117e-004
5.639999999999902e+000	8.639794e-002	2.425154e-004
5.644999999999902e+000	8.673824e-002	2.427189e-004
5.649999999999902e+000	8.708249e-002	2.429222e-004
5.654999999999902e+000	8.743080e-002	2.431253e-004
5.659999999999902e+000	8.778324e-002	2.433282e-004
5.664999999999901e+000	8.813991e-002	2.435310e-004
5.669999999999901e+000	8.850093e-002	2.437336e-004
5.674999999999901e+000	8.886640e-002	2.439360e-004
5.679999999999901e+000	8.923641e-002	2.441382e-004
5.684999999999901e+000	8.961108e-002	2.443401e-004
5.689999999999901e+000	8.999052e-002	2.445419e-004
5.694999999999901e+000	9.037486e-002	2.447435e-004
5.699999999999901e+000	9.076422e-002	2.449448e-004
5.704999999999901e+000	9.115873e-002	2.451459e-004
5.709999999999901e+000	9.155852e-002	2.453468e-004
5.714999999999900e+000	9.196373e-002	2.455474e-004
5.719999999999900e+000	9.237450e-002	2.457478e-004
5.724999999999900e+000	9.279098e-002	2.459480e-004
5.729999999999900e+000	9.321333e-002	2.461479e-004
5.734999999999900e+000	9.364170e-002	2.463475e-004
5.739999999999900e+000	9.407627e-002	2.465469e-004
5.744999999999900e+000	9.451721e-002	2.467460e-004
5.749999999999900e+000	9.496470e-002	2.469448e-004
5.754999999999900e+000	9.541892e-002	2.471433e-004
5.759999999999899e+000	9.588009e-002	2.473415e-004
5.764999999999899e+000	9.634840e-002	2.475394e-004
5.769999999999899e+000	9.682406e-002	2.477369e-004
5.774999999999899e+000	9.730729e-002	2.479342e-004
5.779999999999899e+000	9.779834e-002	2.481311e-004
5.784999999999899e+000	9.829745e-002	2.483276e-004
5.789999999999899e+000	9.880486e-002	2.485238e-004
5.794999999999899e+000	9.932086e-002	2.487196e-004
5.799999999999899e+000	9.984570e-002	2.489150e-004
5.804999999999899e+000	1.003797e-001	2.491100e-004
5.809999999999898e+000	1.009231e-001	2.493047e-004
5.814999999999898e+000	1.014763e-001	2.494988e-004
5.819999999999898e+000	1.020397e-001	2.496926e-004
5.824999999999898e+000	1.026134e-001	2.498859e-004
5.829999999999898e+000	1.031981e-001	2.500787e-004
5.834999999999898e+000	1.037939e-001	2.502710e-004
5.839999999999898e+000	1.044013e-001	2.504628e-004
5.844999999999898e+000	1.050208e-001	2.506541e-004
5.849999999999898e+000	1.056529e-001	2.508449e-004
5.854999999999897e+000	1.062979e-001	2.510350e-004
5.859999999999897e+000	1.069563e-001	2.512246e-004
5.864999999999897e+000	1.076288e-001	2.514136e-004
5.869999999999897e+000	1.083159e-001	2.516019e-004
5.874999999999897e+000	1.090182e-001	2.517896e-004
5.879999999999897e+000	1.097362e-001	2.519766e-004
5.884999999999897e+000	1.104707e-001	2.521629e-004
5.889999999999897e+000	1.112223e-001	2.523484e-004
5.894999999999897e+000	1.119918e-001	2.525331e-004
5.899999999999896e+000	1.127800e-001	2.527170e-004
5.904999999999896e+000	1.135878e-001	2.529001e-004
5.909999999999896e+000	1.144159e-001	2.530823e-004
5.914999999999896e+000	1.152653e-001	2.532635e-004
5.919999999999896e+000	1.161371e-001	2.534438e-004
5.924999999999896e+000	1.170323e-001	2.536230e-004
5.929999999999896e+000	1.179520e-001	2.538012e-004
5.934999999999896e+000	1.188974e-001	2.539783e-004
5.939999999999896e+000	1.198699e-001	2.541541e-004
5.944999999999896e+000	1.208707e-001	2.543288e-004
5.949999999999895e+000	1.219014e-001	2.545021e-004
5.954999999999895e+000	1.229635e-001	2.546741e-004
5.959999999999895e+000	1.240586e-001	2.548446e-004
5.964999999999895e+000	1.251886e-001	2.550136e-004
5.969999999999895e+000	1.263554e-001	2.551810e-004
5.974999999999895e+000	1.275609e-001	2.553467e-004
5.979999999999895e+000	1.288074e-001	2.555106e-004
5.984999999999895e+000	1.300971e-001	2.556726e-004
5.989999999999895e+000	1.314326e-001	2.558326e-004
5.994999999999894e+000	1.328164e-001	2.559905e-004
5.999999999999894e+000	1.342514e-001	2.561462e-004
6.004999999999894e+000	1.357405e-001	2.562995e-004
6.009999999999894e+000	1.372869e-001	2.564504e-004
6.014999999999894e+000	1.388939e-001	2.565985e-004
6.019999999999894e+000	1.405651e-001	2.567439e-004
6.024999999999894e+000	1.423042e-001	2.568863e-004
6.029999999999894e+000	1.441149e-001	2.570256e-004
6.034999999999894e+000	1.460015e-001	2.571615e-004
6.039999999999894e+000	1.479679e-001	2.572940e-004
6.044999999999893e+000	1.500185e-001	2.574228e-004
6.049999999999893e+000	1.521575e-001	2.575477e-004
6.054999999999893e+000	1.543892e-001	2.576686e-004
6.059999999999893e+000	1.567177e-001	2.577853e-004
6.064999999999893e+000	1.591471e-001	2.578975e-004
6.069999999999893e+000	1.616810e-001	2.580052e-004
6.074999999999893e+000	1.643228e-001	2.581082e-004
6.079999999999893e+000	1.670751e-001	2.582063e-004
6.084999999999893e+000	1.699402e-001	2.582996e-004
6.089999999999892e+000	1.729193e-001	2.583878e-004
6.094999999999892e+000	1.760129e-001	2.584711e-004
6.099999999999892e+000	1.792206e-001	2.585493e-004
6.104999999999892e+000	1.825407e-001	2.586227e-004
6.109999999999892e+000	1.859706e-001	2.586912e-004
6.114999999999892e+000	1.895068e-001	2.587552e-004
6.119999999999892e+000	1.931448e-001	2.588146e-004
6.124999999999892e+000	1.968791e-001	2.588699e-004
6.129999999999892e+000	2.007040e-001	2.589212e-004
6.134999999999891e+000	2.046129e-001	2.589689e-004
6.139999999999891e+000	2.085992e-001	2.590131e-004
6.144999999999891e+000	2.126559e-001	2.590543e-004
6.149999999999891e+000	2.167764e-001	2.590927e-004
6.154999999999891e+000	2.209541e-001	2.591286e-004
6.159999999999891e+000	2.251827e-001	2.591623e-004
6.164999999999891e+000	2.294563e-001	2.591941e-004
6.169999999999891e+000	2.337695e-001	2.592240e-004
6.174999999999891e+000	2.381174e-001	2.592525e-004
6.179999999999891e+000	2.424955e-001	2.592797e-004
6.184999999999890e+000	2.468998e-001	2.593057e-004
6.189999999999890e+000	2.513267e-001	2.593307e-004
6.194999999999890e+000	2.557731e-001	2.593549e-004
6.199999999999890e+000	2.602363e-001	2.593783e-004
6.204999999999890e+000	2.647139e-001	2.594011e-004
6.209999999999890e+000	2.692038e-001	2.594234e-004
6.214999999999890e+000	2.737042e-001	2.594452e-004
6.219999999999890e+000	2.782136e-001	2.594666e-004
6.224999999999890e+000	2.827306e-001	2.594877e-004
6.229999999999889e+000	2.872542e-001	2.595086e-004
6.234999999999889e+000	2.917834e-001	2.595291e-004
6.239999999999889e+000	2.963172e-001	2.595495e-004
6.244999999999889e+000	3.008551e-001	2.595696e-004
6.249999999999889e+000	3.053964e-001	2.595897e-004
6.254999999999889e+000	3.099406e-001	2.596096e-004
6.259999999999889e+000	3.144873e-001	2.596294e-004
6.264999999999889e+000	3.190361e-001	2.596491e-004
6.269999999999889e+000	3.235866e-001	2.596687e-004
6.274999999999888e+000	3.281387e-001	2.596883e-004
6.279999999999888e+000	3.326921e-001	2.597078e-004
6.284999999999888e+000	3.372465e-001	2.597272e-004
6.289999999999888e+000	3.418019e-001	2.597467e-004
6.294999999999888e+000	3.463581e-001	2.597660e-004
6.299999999999888e+000	3.509149e-001	2.597854e-004
6.304999999999888e+000	3.554723e-001	2.598047e-004
6.309999999999888e+000	3.600302e-001	2.598240e-004
6.314999999999888e+000	3.645885e-001	2.598433e-004
6.319999999999888e+000	3.691472e-001	2.598626e-004
6.324999999999887e+000	3.737061e-001	2.598818e-004
6.329999999999887e+000	3.782654e-001	2.599011e-004
6.334999999999887e+000	3.828248e-001	2.599203e-004
6.339999999999887e+000	3.873844e-001	2.599396e-004
6.344999999999887e+000	3.919442e-001	2.599588e-004
6.349999999999887e+000	3.965041e-001	2.599780e-004
6.354999999999887e+000	4.010641e-001	2.599972e-004
6.359999999999887e+000	4.056242e-001	2.600164e-004
6.364999999999887e+000	4.101844e-001	2.600356e-004
6.369999999999886e+000	4.147447e-001	2.600548e-004
6.374999999999886e+000	4.193050e-001	2.600740e-004
6.379999999999886e+000	4.238654e-001	2.600932e-004
6.384999999999886e+000	4.284258e-001	2.601124e-004
6.389999999999886e+000	4.329863e-001	2.601316e-004
6.394999999999886e+000	4.375468e-001	2.601508e-004
6.399999999999886e+000	4.421073e-001	2.601700e-004
6.404999999999886e+000	4.466679e-001	2.601892e-004
6.409999999999886e+000	4.512284e-001	2.602084e-004
6.414999999999886e+000	4.557890e-001	2.602276e-004
6.419999999999885e+000	4.603496e-001	2.602467e-004
6.424999999999885e+000	4.649102e-001	2.602659e-004
6.429999999999885e+000	4.694708e-001	2.602851e-004
6.434999999999885e+000	4.740315e-001	2.603043e-004
6.439999999999885e+000	4.785921e-001	2.603235e-004
6.444999999999885e+000	4.831528e-001	2.603427e-004
6.449999999999885e+000	4.877134e-001	2.603618e-004
6.454999999999885e+000	4.922741e-001	2.603811e-004
6.459999999999885e+000	4.968348e-001	2.604002e-004
6.464999999999884e+000	5.013954e-001	2.604194e-004
6.469999999999884e+000	5.059561e-001	2.604386e-004
6.474999999999884e+000	5.105168e-001	2.604578e-004
6.479999999999884e+000	5.150774e-001	2.604770e-004
6.484999999999884e+000	5.196381e-001	2.604962e-004
6.489999999999884e+000	5.241988e-001	2.605153e-004
6.494999999999884e+000	5.287595e-001	2.605345e-004
6.499999999999884e+000	5.333201e-001	2.605537e-004
6.504999999999884e+000	5.378808e-001	2.605729e-004
6.509999999999883e+000	5.424415e-001	2.605921e-004
6.514999999999883e+000	5.470022e-001	2.606113e-004
6.519999999999883e+000	5.515629e-001	2.606304e-004
6.524999999999883e+000	5.561236e-001	2.606496e-004
6.529999999999883e+000	5.606843e-001	2.606688e-004
6.534999999999883e+000	5.652450e-001	2.606880e-004
6.539999999999883e+000	5.698057e-001	2.607072e-004
6.544999999999883e+000	5.743663e-001	2.607264e-004
6.549999999999883e+000	5.789270e-001	2.607456e-004
6.554999999999883e+000	5.834877e-001	2.607647e-004
6.559999999999882e+000	5.880485e-001	2.607839e-004
6.564999999999882e+000	5.926091e-001	2.608031e-004
6.569999999999882e+000	5.971698e-001	2.608223e-004
6.574999999999882e+000	6.017305e-001	2.608415e-004
6.579999999999882e+000	6.062912e-001	2.608607e-004
6.584999999999882e+000	6.108519e-001	2.608798e-004
6.589999999999882e+000	6.154126e-001	2.608990e-004
6.594999999999882e+000	6.199733e-001	2.609182e-004
6.599999999999882e+000	6.245340e-001	2.609374e-004
6.604999999999881e+000	6.290947e-001	2.609566e-004
6.609999999999881e+000	6.336554e-001	2.609757e-004
6.614999999999881e+000	6.382161e-001	2.609949e-004
6.619999999999881e+000	6.427768e-001	2.610141e-004
6.624999999999881e+000	6.473375e-001	2.610333e-004
6.629999999999881e+000	6.518982e-001	2.610525e-004
6.634999999999881e+000	6.564589e-001	2.610717e-004
6.639999999999881e+000	6.610196e-001	2.610908e-004
6.644999999999881e+000	6.655803e-001	2.611100e-004
6.649999999999881e+000	6.701410e-001	2.611292e-004
6.654999999999880e+000	6.747017e-001	2.611484e-004
6.659999999999880e+000	6.792624e-001	2.611676e-004
6.664999999999880e+000	6.838231e-001	2.611868e-004
6.669999999999880e+000	6.883838e-001	2.612059e-004
6.674999999999880e+000	6.929445e-001	2.612251e-004
6.679999999999880e+000	6.975052e-001	2.612443e-004
6.684999999999880e+000	7.020659e-001	2.612635e-004
6.689999999999880e+000	7.066266e-001	2.612827e-004
6.694999999999880e+000	7.111873e-001	2.613019e-004
6.699999999999879e+000	7.157480e-001	2.613211e-004
6.704999999999879e+000	7.203087e-001	2.613402e-004
6.709999999999879e+000	7.248694e-001	2.613594e-004
6.714999999999879e+000	7.294301e-001	2.613786e-004
6.719999999999879e+000	7.339908e-001	2.613978e-004
6.724999999999879e+000	7.385515e-001	2.614170e-004
6.729999999999879e+000	7.431122e-001	2.614362e-004
6.734999999999879e+000	7.476729e-001	2.614553e-004
6.739999999999879e+000	7.522336e-001	2.614745e-004
6.744999999999878e+000	7.567943e-001	2.614937e-004
6.749999999999878e+000	7.613550e-001	2.615129e-004
6.754999999999878e+000	7.659158e-001	2.615321e-004
6.759999999999878e+000	7.704765e-001	2.615512e-004
6.764999999999878e+000	7.750372e-001	2.615704e-004
6.769999999999878e+000	7.795979e-001	2.615896e-004
6.774999999999878e+000	7.841586e-001	2.616088e-004
6.779999999999878e+000	7.887193e-001	2.616280e-004
6.784999999999878e+000	7.932800e-001	2.616472e-004
6.789999999999878e+000	7.978407e-001	2.616663e-004
6.794999999999877e+000	8.024014e-001	2.616855e-004
6.799999999999877e+000	8.069621e-001	2.617047e-004
6.804999999999877e+000	8.115228e-001	2.617239e-004
6.809999999999877e+000	8.160836e-001	2.617431e-004
6.814999999999877e+000	8.206443e-001	2.617623e-004
6.819999999999877e+000	8.252050e-001	2.617814e-004
6.824999999999877e+000	8.297657e-001	2.618006e-004
6.829999999999877e+000	8.343264e-001	2.618198e-004
6.834999999999877e+000	8.388871e-001	2.618390e-004
6.839999999999876e+000	8.434478e-001	2.618582e-004
6.844999999999876e+000	8.480085e-001	2.618774e-004
6.849999999999876e+000	8.525692e-001	2.618966e-004
6.854999999999876e+000	8.571299e-001	2.619157e-004
6.859999999999876e+000	8.616906e-001	2.619349e-004
6.864999999999876e+000	8.662513e-001	2.619541e-004
6.869999999999876e+000	8.708121e-001	2.619733e-004
6.874999999999876e+000	8.753728e-001	2.619924e-004
6.879999999999876e+000	8.799335e-001	2.620116e-004
6.884999999999875e+000	8.844942e-001	2.620308e-004
6.889999999999875e+000	8.890549e-001	2.620500e-004
6.894999999999875e+000	8.936156e-001	2.620692e-004
6.899999999999875e+000	8.981763e-001	2.620884e-004
6.904999999999875e+000	9.027370e-001	2.621076e-004
6.909999999999875e+000	9.072977e-001	2.621267e-004
6.914999999999875e+000	9.118584e-001	2.621459e-004
6.919999999999875e+000	9.164192e-001	2.621651e-004
6.924999999999875e+000	9.209799e-001	2.621843e-004
6.929999999999875e+000	9.255406e-001	2.622035e-004
6.934999999999874e+000	9.301013e-001	2.622227e-004
6.939999999999874e+000	9.346620e-001	2.622418e-004
6.944999999999874e+000	9.392228e-001	2.622610e-004
6.949999999999874e+000	9.437835e-001	2.622802e-004
6.954999999999874e+000	9.483442e-001	2.622994e-004
6.959999999999874e+000	9.529049e-001	2.623186e-004
6.964999999999874e+000	9.574656e-001	2.623377e-004
6.969999999999874e+000	9.620264e-001	2.623569e-004
6.974999999999874e+000	9.665871e-001	2.623761e-004
6.979999999999873e+000	9.711478e-001	2.623953e-004
6.984999999999873e+000	9.757085e-001	2.624145e-004
6.989999999999873e+000	9.802692e-001	2.624337e-004
6.994999999999873e+000	9.848299e-001	2.624528e-004
7.000000000000000e+000	9.893907e-001	2.624720e-004
