v2	V(ds)	I(R1)
1.000000000000000e-003	7.002642e-006	1.873580e-007
1.100000000000000e-002	7.703139e-005	2.060938e-006
2.100000000000000e-002	1.471534e-004	3.934500e-006
3.100000000000000e-002	2.172989e-004	5.808057e-006
4.100000000000000e-002	2.874912e-004	7.681605e-006
5.100000000000000e-002	3.577305e-004	9.555145e-006
6.100000000000001e-002	4.280168e-004	1.142868e-005
7.100000000000001e-002	4.983503e-004	1.330220e-005
8.100000000000000e-002	5.687310e-004	1.517571e-005
9.100000000000000e-002	6.391591e-004	1.704921e-005
1.010000000000000e-001	7.096345e-004	1.892271e-005
1.110000000000000e-001	7.801575e-004	2.079620e-005
1.210000000000000e-001	8.507281e-004	2.266967e-005
1.310000000000000e-001	9.213465e-004	2.454314e-005
1.410000000000000e-001	9.920127e-004	2.641660e-005
1.510000000000000e-001	1.062727e-003	2.829005e-005
1.610000000000000e-001	1.133489e-003	3.016349e-005
1.710000000000000e-001	1.204299e-003	3.203693e-005
1.810000000000000e-001	1.275157e-003	3.391035e-005
1.910000000000000e-001	1.346064e-003	3.578376e-005
2.010000000000000e-001	1.417019e-003	3.765717e-005
2.110000000000001e-001	1.488023e-003	3.953056e-005
2.210000000000001e-001	1.559075e-003	4.140395e-005
2.310000000000001e-001	1.630176e-003	4.327733e-005
2.410000000000001e-001	1.701326e-003	4.515069e-005
2.510000000000001e-001	1.772525e-003	4.702405e-005
2.610000000000001e-001	1.843772e-003	4.889740e-005
2.710000000000001e-001	1.915069e-003	5.077074e-005
2.810000000000001e-001	1.986415e-003	5.264407e-005
2.910000000000001e-001	2.057811e-003	5.451739e-005
3.010000000000001e-001	2.129256e-003	5.639071e-005
3.110000000000001e-001	2.200750e-003	5.826401e-005
3.210000000000001e-001	2.272294e-003	6.013730e-005
3.310000000000001e-001	2.343888e-003	6.201059e-005
3.410000000000001e-001	2.415531e-003	6.388386e-005
3.510000000000002e-001	2.487225e-003	6.575713e-005
3.610000000000002e-001	2.558968e-003	6.763038e-005
3.710000000000002e-001	2.630762e-003	6.950363e-005
3.810000000000002e-001	2.702606e-003	7.137687e-005
3.910000000000002e-001	2.774501e-003	7.325009e-005
4.010000000000002e-001	2.846446e-003	7.512331e-005
4.110000000000002e-001	2.918441e-003	7.699652e-005
4.210000000000002e-001	2.990487e-003	7.886972e-005
4.310000000000002e-001	3.062584e-003	8.074291e-005
4.410000000000002e-001	3.134732e-003	8.261609e-005
4.510000000000002e-001	3.206931e-003	8.448926e-005
4.610000000000002e-001	3.279181e-003	8.636242e-005
4.710000000000003e-001	3.351483e-003	8.823557e-005
4.810000000000003e-001	3.423835e-003	9.010871e-005
4.910000000000003e-001	3.496239e-003	9.198184e-005
5.010000000000002e-001	3.568695e-003	9.385496e-005
5.110000000000002e-001	3.641202e-003	9.572807e-005
5.210000000000002e-001	3.713762e-003	9.760118e-005
5.310000000000003e-001	3.786373e-003	9.947427e-005
5.410000000000003e-001	3.859036e-003	1.013474e-004
5.510000000000003e-001	3.931751e-003	1.032204e-004
5.610000000000003e-001	4.004519e-003	1.050935e-004
5.710000000000003e-001	4.077339e-003	1.069665e-004
5.810000000000003e-001	4.150211e-003	1.088396e-004
5.910000000000003e-001	4.223136e-003	1.107126e-004
6.010000000000003e-001	4.296113e-003	1.125856e-004
6.110000000000003e-001	4.369144e-003	1.144586e-004
6.210000000000003e-001	4.442227e-003	1.163317e-004
6.310000000000003e-001	4.515364e-003	1.182046e-004
6.410000000000004e-001	4.588553e-003	1.200776e-004
6.510000000000004e-001	4.661796e-003	1.219506e-004
6.610000000000004e-001	4.735093e-003	1.238236e-004
6.710000000000004e-001	4.808442e-003	1.256965e-004
6.810000000000004e-001	4.881846e-003	1.275695e-004
6.910000000000004e-001	4.955303e-003	1.294424e-004
7.010000000000004e-001	5.028814e-003	1.313153e-004
7.110000000000004e-001	5.102379e-003	1.331882e-004
7.210000000000004e-001	5.175998e-003	1.350611e-004
7.310000000000004e-001	5.249672e-003	1.369340e-004
7.410000000000004e-001	5.323400e-003	1.388069e-004
7.510000000000004e-001	5.397182e-003	1.406798e-004
7.610000000000005e-001	5.471019e-003	1.425526e-004
7.710000000000005e-001	5.544911e-003	1.444255e-004
7.810000000000005e-001	5.618857e-003	1.462983e-004
7.910000000000005e-001	5.692858e-003	1.481712e-004
8.010000000000005e-001	5.766915e-003	1.500440e-004
8.110000000000005e-001	5.841027e-003	1.519168e-004
8.210000000000005e-001	5.915194e-003	1.537896e-004
8.310000000000005e-001	5.989417e-003	1.556624e-004
8.410000000000005e-001	6.063695e-003	1.575351e-004
8.510000000000005e-001	6.138029e-003	1.594079e-004
8.610000000000005e-001	6.212418e-003	1.612807e-004
8.710000000000006e-001	6.286864e-003	1.631534e-004
8.810000000000006e-001	6.361366e-003	1.650262e-004
8.910000000000006e-001	6.435924e-003	1.668989e-004
9.010000000000006e-001	6.510539e-003	1.687716e-004
9.110000000000006e-001	6.585209e-003	1.706443e-004
9.210000000000006e-001	6.659937e-003	1.725170e-004
9.310000000000006e-001	6.734721e-003	1.743897e-004
9.410000000000006e-001	6.809562e-003	1.762623e-004
9.510000000000006e-001	6.884460e-003	1.781350e-004
9.610000000000006e-001	6.959416e-003	1.800077e-004
9.710000000000006e-001	7.034428e-003	1.818803e-004
9.810000000000007e-001	7.109499e-003	1.837529e-004
9.910000000000007e-001	7.184626e-003	1.856255e-004
1.001000000000001e+000	7.259811e-003	1.874982e-004
1.011000000000001e+000	7.335054e-003	1.893707e-004
1.021000000000001e+000	7.410355e-003	1.912433e-004
1.031000000000001e+000	7.485714e-003	1.931159e-004
1.041000000000001e+000	7.561131e-003	1.949885e-004
1.051000000000001e+000	7.636607e-003	1.968610e-004
1.061000000000001e+000	7.712141e-003	1.987336e-004
1.071000000000001e+000	7.787734e-003	2.006061e-004
1.081000000000001e+000	7.863386e-003	2.024786e-004
1.091000000000001e+000	7.939096e-003	2.043511e-004
1.101000000000001e+000	8.014865e-003	2.062236e-004
1.111000000000001e+000	8.090694e-003	2.080961e-004
1.121000000000001e+000	8.166581e-003	2.099686e-004
1.131000000000001e+000	8.242529e-003	2.118410e-004
1.141000000000001e+000	8.318536e-003	2.137135e-004
1.151000000000001e+000	8.394603e-003	2.155859e-004
1.161000000000001e+000	8.470729e-003	2.174583e-004
1.171000000000001e+000	8.546916e-003	2.193308e-004
1.181000000000001e+000	8.623162e-003	2.212032e-004
1.191000000000001e+000	8.699469e-003	2.230756e-004
1.201000000000001e+000	8.775837e-003	2.249480e-004
1.211000000000001e+000	8.852266e-003	2.268203e-004
1.221000000000001e+000	8.928754e-003	2.286927e-004
1.231000000000001e+000	9.005304e-003	2.305650e-004
1.241000000000001e+000	9.081915e-003	2.324374e-004
1.251000000000001e+000	9.158587e-003	2.343097e-004
1.261000000000001e+000	9.235321e-003	2.361820e-004
1.271000000000001e+000	9.312115e-003	2.380543e-004
1.281000000000001e+000	9.388971e-003	2.399266e-004
1.291000000000001e+000	9.465890e-003	2.417989e-004
1.301000000000001e+000	9.542870e-003	2.436712e-004
1.311000000000001e+000	9.619912e-003	2.455434e-004
1.321000000000001e+000	9.697017e-003	2.474156e-004
1.331000000000001e+000	9.774184e-003	2.492879e-004
1.341000000000001e+000	9.851413e-003	2.511601e-004
1.351000000000001e+000	9.928705e-003	2.530323e-004
1.361000000000001e+000	1.000606e-002	2.549045e-004
1.371000000000001e+000	1.008348e-002	2.567767e-004
1.381000000000001e+000	1.016096e-002	2.586489e-004
1.391000000000001e+000	1.023850e-002	2.605210e-004
1.401000000000001e+000	1.031611e-002	2.623932e-004
1.411000000000001e+000	1.039378e-002	2.642653e-004
1.421000000000001e+000	1.047152e-002	2.661374e-004
1.431000000000001e+000	1.054932e-002	2.680095e-004
1.441000000000001e+000	1.062718e-002	2.698817e-004
1.451000000000001e+000	1.070511e-002	2.717538e-004
1.461000000000001e+000	1.078310e-002	2.736258e-004
1.471000000000001e+000	1.086116e-002	2.754979e-004
1.481000000000001e+000	1.093928e-002	2.773700e-004
1.491000000000001e+000	1.101747e-002	2.792420e-004
1.501000000000001e+000	1.109572e-002	2.811140e-004
1.511000000000001e+000	1.117403e-002	2.829860e-004
1.521000000000001e+000	1.125242e-002	2.848580e-004
1.531000000000001e+000	1.133086e-002	2.867300e-004
1.541000000000001e+000	1.140938e-002	2.886020e-004
1.551000000000001e+000	1.148796e-002	2.904740e-004
1.561000000000001e+000	1.156660e-002	2.923459e-004
1.571000000000001e+000	1.164531e-002	2.942179e-004
1.581000000000001e+000	1.172409e-002	2.960898e-004
1.591000000000001e+000	1.180294e-002	2.979617e-004
1.601000000000001e+000	1.188185e-002	2.998336e-004
1.611000000000001e+000	1.196083e-002	3.017055e-004
1.621000000000001e+000	1.203987e-002	3.035774e-004
1.631000000000001e+000	1.211898e-002	3.054492e-004
1.641000000000001e+000	1.219816e-002	3.073211e-004
1.651000000000001e+000	1.227741e-002	3.091930e-004
1.661000000000001e+000	1.235673e-002	3.110648e-004
1.671000000000001e+000	1.243611e-002	3.129366e-004
1.681000000000001e+000	1.251556e-002	3.148084e-004
1.691000000000001e+000	1.259508e-002	3.166802e-004
1.701000000000001e+000	1.267467e-002	3.185520e-004
1.711000000000001e+000	1.275433e-002	3.204237e-004
1.721000000000001e+000	1.283405e-002	3.222955e-004
1.731000000000001e+000	1.291385e-002	3.241672e-004
1.741000000000001e+000	1.299371e-002	3.260389e-004
1.751000000000001e+000	1.307365e-002	3.279106e-004
1.761000000000001e+000	1.315365e-002	3.297823e-004
1.771000000000001e+000	1.323372e-002	3.316540e-004
1.781000000000001e+000	1.331386e-002	3.335257e-004
1.791000000000001e+000	1.339408e-002	3.353973e-004
1.801000000000001e+000	1.347436e-002	3.372690e-004
1.811000000000001e+000	1.355471e-002	3.391406e-004
1.821000000000001e+000	1.363514e-002	3.410122e-004
1.831000000000001e+000	1.371563e-002	3.428838e-004
1.841000000000001e+000	1.379620e-002	3.447554e-004
1.851000000000001e+000	1.387684e-002	3.466270e-004
1.861000000000001e+000	1.395755e-002	3.484986e-004
1.871000000000001e+000	1.403833e-002	3.503701e-004
1.881000000000001e+000	1.411918e-002	3.522417e-004
1.891000000000001e+000	1.420011e-002	3.541132e-004
1.901000000000001e+000	1.428110e-002	3.559847e-004
1.911000000000001e+000	1.436217e-002	3.578562e-004
1.921000000000001e+000	1.444331e-002	3.597277e-004
1.931000000000001e+000	1.452453e-002	3.615991e-004
1.941000000000001e+000	1.460582e-002	3.634706e-004
1.951000000000001e+000	1.468718e-002	3.653420e-004
1.961000000000001e+000	1.476861e-002	3.672135e-004
1.971000000000001e+000	1.485012e-002	3.690849e-004
1.981000000000001e+000	1.493170e-002	3.709563e-004
1.991000000000001e+000	1.501336e-002	3.728277e-004
2.001000000000001e+000	1.509509e-002	3.746990e-004
2.011000000000001e+000	1.517689e-002	3.765704e-004
2.021000000000001e+000	1.525877e-002	3.784417e-004
2.031000000000001e+000	1.534072e-002	3.803131e-004
2.041000000000000e+000	1.542275e-002	3.821844e-004
2.051000000000000e+000	1.550486e-002	3.840557e-004
2.061000000000000e+000	1.558703e-002	3.859270e-004
2.071000000000000e+000	1.566929e-002	3.877982e-004
2.081000000000000e+000	1.575162e-002	3.896695e-004
2.090999999999999e+000	1.583403e-002	3.915408e-004
2.100999999999999e+000	1.591651e-002	3.934120e-004
2.110999999999999e+000	1.599907e-002	3.952832e-004
2.120999999999999e+000	1.608171e-002	3.971544e-004
2.130999999999999e+000	1.616442e-002	3.990256e-004
2.140999999999998e+000	1.624721e-002	4.008968e-004
2.150999999999998e+000	1.633008e-002	4.027679e-004
2.160999999999998e+000	1.641303e-002	4.046391e-004
2.170999999999998e+000	1.649605e-002	4.065102e-004
2.180999999999997e+000	1.657915e-002	4.083813e-004
2.190999999999997e+000	1.666233e-002	4.102524e-004
2.200999999999997e+000	1.674559e-002	4.121235e-004
2.210999999999997e+000	1.682893e-002	4.139945e-004
2.220999999999997e+000	1.691234e-002	4.158656e-004
2.230999999999996e+000	1.699584e-002	4.177366e-004
2.240999999999996e+000	1.707941e-002	4.196076e-004
2.250999999999996e+000	1.716307e-002	4.214787e-004
2.260999999999996e+000	1.724680e-002	4.233497e-004
2.270999999999996e+000	1.733061e-002	4.252206e-004
2.280999999999995e+000	1.741451e-002	4.270916e-004
2.290999999999995e+000	1.749848e-002	4.289626e-004
2.300999999999995e+000	1.758254e-002	4.308335e-004
2.310999999999995e+000	1.766668e-002	4.327044e-004
2.320999999999994e+000	1.775089e-002	4.345753e-004
2.330999999999994e+000	1.783519e-002	4.364462e-004
2.340999999999994e+000	1.791957e-002	4.383171e-004
2.350999999999994e+000	1.800404e-002	4.401879e-004
2.360999999999994e+000	1.808858e-002	4.420588e-004
2.370999999999993e+000	1.817321e-002	4.439296e-004
2.380999999999993e+000	1.825792e-002	4.458004e-004
2.390999999999993e+000	1.834271e-002	4.476712e-004
2.400999999999993e+000	1.842759e-002	4.495420e-004
2.410999999999993e+000	1.851255e-002	4.514127e-004
2.420999999999992e+000	1.859759e-002	4.532835e-004
2.430999999999992e+000	1.868272e-002	4.551542e-004
2.440999999999992e+000	1.876793e-002	4.570249e-004
2.450999999999992e+000	1.885323e-002	4.588956e-004
2.460999999999991e+000	1.893861e-002	4.607663e-004
2.470999999999991e+000	1.902407e-002	4.626370e-004
2.480999999999991e+000	1.910963e-002	4.645076e-004
2.490999999999991e+000	1.919526e-002	4.663783e-004
2.500999999999991e+000	1.928098e-002	4.682489e-004
2.510999999999990e+000	1.936679e-002	4.701195e-004
2.520999999999990e+000	1.945269e-002	4.719901e-004
2.530999999999990e+000	1.953867e-002	4.738606e-004
2.540999999999990e+000	1.962473e-002	4.757312e-004
2.550999999999990e+000	1.971089e-002	4.776017e-004
2.560999999999989e+000	1.979713e-002	4.794722e-004
2.570999999999989e+000	1.988346e-002	4.813428e-004
2.580999999999989e+000	1.996987e-002	4.832132e-004
2.590999999999989e+000	2.005638e-002	4.850837e-004
2.600999999999988e+000	2.014297e-002	4.869541e-004
2.610999999999988e+000	2.022966e-002	4.888246e-004
2.620999999999988e+000	2.031643e-002	4.906950e-004
2.630999999999988e+000	2.040329e-002	4.925654e-004
2.640999999999988e+000	2.049024e-002	4.944358e-004
2.650999999999987e+000	2.057728e-002	4.963062e-004
2.660999999999987e+000	2.066441e-002	4.981766e-004
2.670999999999987e+000	2.075163e-002	5.000469e-004
2.680999999999987e+000	2.083894e-002	5.019172e-004
2.690999999999987e+000	2.092634e-002	5.037875e-004
2.700999999999986e+000	2.101383e-002	5.056578e-004
2.710999999999986e+000	2.110141e-002	5.075280e-004
2.720999999999986e+000	2.118909e-002	5.093983e-004
2.730999999999986e+000	2.127686e-002	5.112685e-004
2.740999999999985e+000	2.136472e-002	5.131387e-004
2.750999999999985e+000	2.145267e-002	5.150089e-004
2.760999999999985e+000	2.154071e-002	5.168791e-004
2.770999999999985e+000	2.162885e-002	5.187493e-004
2.780999999999985e+000	2.171708e-002	5.206194e-004
2.790999999999984e+000	2.180541e-002	5.224895e-004
2.800999999999984e+000	2.189383e-002	5.243596e-004
2.810999999999984e+000	2.198235e-002	5.262297e-004
2.820999999999984e+000	2.207096e-002	5.280998e-004
2.830999999999984e+000	2.215966e-002	5.299699e-004
2.840999999999983e+000	2.224846e-002	5.318399e-004
2.850999999999983e+000	2.233735e-002	5.337099e-004
2.860999999999983e+000	2.242634e-002	5.355799e-004
2.870999999999983e+000	2.251543e-002	5.374499e-004
2.880999999999983e+000	2.260462e-002	5.393199e-004
2.890999999999982e+000	2.269390e-002	5.411898e-004
2.900999999999982e+000	2.278328e-002	5.430598e-004
2.910999999999982e+000	2.287275e-002	5.449296e-004
2.920999999999982e+000	2.296232e-002	5.467996e-004
2.930999999999981e+000	2.305200e-002	5.486694e-004
2.940999999999981e+000	2.314177e-002	5.505393e-004
2.950999999999981e+000	2.323163e-002	5.524092e-004
2.960999999999981e+000	2.332160e-002	5.542790e-004
2.970999999999981e+000	2.341167e-002	5.561488e-004
2.980999999999980e+000	2.350184e-002	5.580185e-004
2.990999999999980e+000	2.359211e-002	5.598883e-004
3.000999999999980e+000	2.368247e-002	5.617580e-004
3.010999999999980e+000	2.377294e-002	5.636277e-004
3.020999999999980e+000	2.386351e-002	5.654974e-004
3.030999999999979e+000	2.395418e-002	5.673671e-004
3.040999999999979e+000	2.404496e-002	5.692368e-004
3.050999999999979e+000	2.413583e-002	5.711064e-004
3.060999999999979e+000	2.422681e-002	5.729761e-004
3.070999999999978e+000	2.431789e-002	5.748457e-004
3.080999999999978e+000	2.440908e-002	5.767153e-004
3.090999999999978e+000	2.450036e-002	5.785848e-004
3.100999999999978e+000	2.459176e-002	5.804544e-004
3.110999999999978e+000	2.468325e-002	5.823239e-004
3.120999999999977e+000	2.477486e-002	5.841934e-004
3.130999999999977e+000	2.486656e-002	5.860629e-004
3.140999999999977e+000	2.495837e-002	5.879324e-004
3.150999999999977e+000	2.505029e-002	5.898018e-004
3.160999999999977e+000	2.514231e-002	5.916713e-004
3.170999999999976e+000	2.523444e-002	5.935407e-004
3.180999999999976e+000	2.532668e-002	5.954101e-004
3.190999999999976e+000	2.541902e-002	5.972794e-004
3.200999999999976e+000	2.551148e-002	5.991488e-004
3.210999999999975e+000	2.560404e-002	6.010181e-004
3.220999999999975e+000	2.569670e-002	6.028874e-004
3.230999999999975e+000	2.578948e-002	6.047567e-004
3.240999999999975e+000	2.588237e-002	6.066260e-004
3.250999999999975e+000	2.597536e-002	6.084952e-004
3.260999999999974e+000	2.606847e-002	6.103644e-004
3.270999999999974e+000	2.616169e-002	6.122336e-004
3.280999999999974e+000	2.625501e-002	6.141028e-004
3.290999999999974e+000	2.634845e-002	6.159720e-004
3.300999999999974e+000	2.644200e-002	6.178411e-004
3.310999999999973e+000	2.653566e-002	6.197102e-004
3.320999999999973e+000	2.662943e-002	6.215794e-004
3.330999999999973e+000	2.672332e-002	6.234484e-004
3.340999999999973e+000	2.681732e-002	6.253175e-004
3.350999999999972e+000	2.691144e-002	6.271865e-004
3.360999999999972e+000	2.700566e-002	6.290555e-004
3.370999999999972e+000	2.710000e-002	6.309245e-004
3.380999999999972e+000	2.719446e-002	6.327935e-004
3.390999999999972e+000	2.728903e-002	6.346625e-004
3.400999999999971e+000	2.738372e-002	6.365314e-004
3.410999999999971e+000	2.747853e-002	6.384003e-004
3.420999999999971e+000	2.757345e-002	6.402691e-004
3.430999999999971e+000	2.766848e-002	6.421380e-004
3.440999999999971e+000	2.776364e-002	6.440069e-004
3.450999999999970e+000	2.785891e-002	6.458757e-004
3.460999999999970e+000	2.795430e-002	6.477445e-004
3.470999999999970e+000	2.804981e-002	6.496133e-004
3.480999999999970e+000	2.814544e-002	6.514820e-004
3.490999999999970e+000	2.824119e-002	6.533507e-004
3.500999999999969e+000	2.833706e-002	6.552194e-004
3.510999999999969e+000	2.843305e-002	6.570881e-004
3.520999999999969e+000	2.852916e-002	6.589568e-004
3.530999999999969e+000	2.862539e-002	6.608254e-004
3.540999999999968e+000	2.872174e-002	6.626940e-004
3.550999999999968e+000	2.881822e-002	6.645626e-004
3.560999999999968e+000	2.891482e-002	6.664312e-004
3.570999999999968e+000	2.901154e-002	6.682997e-004
3.580999999999968e+000	2.910839e-002	6.701683e-004
3.590999999999967e+000	2.920536e-002	6.720367e-004
3.600999999999967e+000	2.930245e-002	6.739052e-004
3.610999999999967e+000	2.939967e-002	6.757737e-004
3.620999999999967e+000	2.949702e-002	6.776421e-004
3.630999999999967e+000	2.959449e-002	6.795105e-004
3.640999999999966e+000	2.969209e-002	6.813789e-004
3.650999999999966e+000	2.978982e-002	6.832472e-004
3.660999999999966e+000	2.988767e-002	6.851155e-004
3.670999999999966e+000	2.998566e-002	6.869838e-004
3.680999999999965e+000	3.008377e-002	6.888521e-004
3.690999999999965e+000	3.018201e-002	6.907204e-004
3.700999999999965e+000	3.028038e-002	6.925886e-004
3.710999999999965e+000	3.037888e-002	6.944568e-004
3.720999999999965e+000	3.047751e-002	6.963250e-004
3.730999999999964e+000	3.057627e-002	6.981932e-004
3.740999999999964e+000	3.067517e-002	7.000613e-004
3.750999999999964e+000	3.077420e-002	7.019294e-004
3.760999999999964e+000	3.087336e-002	7.037975e-004
3.770999999999964e+000	3.097265e-002	7.056656e-004
3.780999999999963e+000	3.107208e-002	7.075336e-004
3.790999999999963e+000	3.117164e-002	7.094016e-004
3.800999999999963e+000	3.127134e-002	7.112696e-004
3.810999999999963e+000	3.137117e-002	7.131375e-004
3.820999999999962e+000	3.147114e-002	7.150054e-004
3.830999999999962e+000	3.157125e-002	7.168733e-004
3.840999999999962e+000	3.167149e-002	7.187412e-004
3.850999999999962e+000	3.177188e-002	7.206091e-004
3.860999999999962e+000	3.187240e-002	7.224769e-004
3.870999999999961e+000	3.197306e-002	7.243447e-004
3.880999999999961e+000	3.207386e-002	7.262125e-004
3.890999999999961e+000	3.217479e-002	7.280802e-004
3.900999999999961e+000	3.227587e-002	7.299479e-004
3.910999999999961e+000	3.237710e-002	7.318156e-004
3.920999999999960e+000	3.247846e-002	7.336833e-004
3.930999999999960e+000	3.257997e-002	7.355509e-004
3.940999999999960e+000	3.268162e-002	7.374185e-004
3.950999999999960e+000	3.278341e-002	7.392861e-004
3.960999999999959e+000	3.288535e-002	7.411537e-004
3.970999999999959e+000	3.298743e-002	7.430213e-004
3.980999999999959e+000	3.308966e-002	7.448887e-004
3.990999999999959e+000	3.319204e-002	7.467562e-004
4.000999999999959e+000	3.329456e-002	7.486237e-004
4.010999999999958e+000	3.339723e-002	7.504911e-004
4.020999999999958e+000	3.350005e-002	7.523585e-004
4.030999999999958e+000	3.360302e-002	7.542258e-004
4.040999999999958e+000	3.370614e-002	7.560932e-004
4.050999999999958e+000	3.380940e-002	7.579605e-004
4.060999999999957e+000	3.391282e-002	7.598278e-004
4.070999999999957e+000	3.401639e-002	7.616950e-004
4.080999999999957e+000	3.412011e-002	7.635622e-004
4.090999999999957e+000	3.422399e-002	7.654295e-004
4.100999999999957e+000	3.432802e-002	7.672966e-004
4.110999999999956e+000	3.443220e-002	7.691637e-004
4.120999999999956e+000	3.453654e-002	7.710308e-004
4.130999999999956e+000	3.464103e-002	7.728979e-004
4.140999999999956e+000	3.474569e-002	7.747650e-004
4.150999999999955e+000	3.485049e-002	7.766320e-004
4.160999999999955e+000	3.495546e-002	7.784989e-004
4.170999999999955e+000	3.506058e-002	7.803660e-004
4.180999999999955e+000	3.516586e-002	7.822328e-004
4.190999999999955e+000	3.527131e-002	7.840997e-004
4.200999999999954e+000	3.537691e-002	7.859666e-004
4.210999999999954e+000	3.548268e-002	7.878335e-004
4.220999999999954e+000	3.558860e-002	7.897003e-004
4.230999999999954e+000	3.569470e-002	7.915670e-004
4.240999999999954e+000	3.580095e-002	7.934338e-004
4.250999999999953e+000	3.590737e-002	7.953005e-004
4.260999999999953e+000	3.601395e-002	7.971672e-004
4.270999999999953e+000	3.612071e-002	7.990338e-004
4.280999999999953e+000	3.622762e-002	8.009005e-004
4.290999999999952e+000	3.633470e-002	8.027671e-004
4.300999999999952e+000	3.644196e-002	8.046336e-004
4.310999999999952e+000	3.654938e-002	8.065001e-004
4.320999999999952e+000	3.665698e-002	8.083666e-004
4.330999999999952e+000	3.676474e-002	8.102331e-004
4.340999999999951e+000	3.687267e-002	8.120995e-004
4.350999999999951e+000	3.698078e-002	8.139659e-004
4.360999999999951e+000	3.708906e-002	8.158322e-004
4.370999999999951e+000	3.719752e-002	8.176986e-004
4.380999999999951e+000	3.730615e-002	8.195649e-004
4.390999999999950e+000	3.741495e-002	8.214312e-004
4.400999999999950e+000	3.752394e-002	8.232974e-004
4.410999999999950e+000	3.763309e-002	8.251636e-004
4.420999999999950e+000	3.774244e-002	8.270298e-004
4.430999999999949e+000	3.785195e-002	8.288958e-004
4.440999999999949e+000	3.796165e-002	8.307620e-004
4.450999999999949e+000	3.807153e-002	8.326280e-004
4.460999999999949e+000	3.818159e-002	8.344940e-004
4.470999999999949e+000	3.829184e-002	8.363600e-004
4.480999999999948e+000	3.840227e-002	8.382260e-004
4.490999999999948e+000	3.851288e-002	8.400919e-004
4.500999999999948e+000	3.862368e-002	8.419578e-004
4.510999999999948e+000	3.873467e-002	8.438237e-004
4.520999999999948e+000	3.884584e-002	8.456894e-004
4.530999999999947e+000	3.895720e-002	8.475552e-004
4.540999999999947e+000	3.906875e-002	8.494210e-004
4.550999999999947e+000	3.918049e-002	8.512867e-004
4.560999999999947e+000	3.929243e-002	8.531524e-004
4.570999999999946e+000	3.940456e-002	8.550180e-004
4.580999999999946e+000	3.951688e-002	8.568836e-004
4.590999999999946e+000	3.962939e-002	8.587491e-004
4.600999999999946e+000	3.974210e-002	8.606147e-004
4.610999999999946e+000	3.985501e-002	8.624802e-004
4.620999999999945e+000	3.996811e-002	8.643456e-004
4.630999999999945e+000	4.008142e-002	8.662111e-004
4.640999999999945e+000	4.019492e-002	8.680765e-004
4.650999999999945e+000	4.030862e-002	8.699418e-004
4.660999999999945e+000	4.042253e-002	8.718070e-004
4.670999999999944e+000	4.053664e-002	8.736723e-004
4.680999999999944e+000	4.065095e-002	8.755376e-004
4.690999999999944e+000	4.076547e-002	8.774027e-004
4.700999999999944e+000	4.088019e-002	8.792679e-004
4.710999999999944e+000	4.099512e-002	8.811330e-004
4.720999999999943e+000	4.111026e-002	8.829981e-004
4.730999999999943e+000	4.122561e-002	8.848631e-004
4.740999999999943e+000	4.134117e-002	8.867281e-004
4.750999999999943e+000	4.145695e-002	8.885930e-004
4.760999999999942e+000	4.157293e-002	8.904579e-004
4.770999999999942e+000	4.168914e-002	8.923228e-004
4.780999999999942e+000	4.180555e-002	8.941877e-004
4.790999999999942e+000	4.192218e-002	8.960524e-004
4.800999999999942e+000	4.203903e-002	8.979171e-004
4.810999999999941e+000	4.215610e-002	8.997819e-004
4.820999999999941e+000	4.227339e-002	9.016465e-004
4.830999999999941e+000	4.239091e-002	9.035111e-004
4.840999999999941e+000	4.250864e-002	9.053758e-004
4.850999999999941e+000	4.262660e-002	9.072403e-004
4.860999999999940e+000	4.274479e-002	9.091048e-004
4.870999999999940e+000	4.286320e-002	9.109692e-004
4.880999999999940e+000	4.298184e-002	9.128336e-004
4.890999999999940e+000	4.310071e-002	9.146980e-004
4.900999999999939e+000	4.321981e-002	9.165623e-004
4.910999999999939e+000	4.333914e-002	9.184266e-004
4.920999999999939e+000	4.345871e-002	9.202908e-004
4.930999999999939e+000	4.357851e-002	9.221550e-004
4.940999999999939e+000	4.369855e-002	9.240191e-004
4.950999999999938e+000	4.381882e-002	9.258832e-004
4.960999999999938e+000	4.393934e-002	9.277473e-004
4.970999999999938e+000	4.406010e-002	9.296113e-004
4.980999999999938e+000	4.418109e-002	9.314753e-004
4.990999999999938e+000	4.430234e-002	9.333392e-004
5.000999999999937e+000	4.442382e-002	9.352030e-004
5.010999999999937e+000	4.454556e-002	9.370669e-004
5.020999999999937e+000	4.466754e-002	9.389307e-004
5.030999999999937e+000	4.478977e-002	9.407944e-004
5.040999999999936e+000	4.491225e-002	9.426581e-004
5.050999999999936e+000	4.503499e-002	9.445217e-004
5.060999999999936e+000	4.515798e-002	9.463853e-004
5.070999999999936e+000	4.528122e-002	9.482488e-004
5.080999999999936e+000	4.540472e-002	9.501123e-004
5.090999999999935e+000	4.552849e-002	9.519758e-004
5.100999999999935e+000	4.565251e-002	9.538392e-004
5.110999999999935e+000	4.577680e-002	9.557025e-004
5.120999999999935e+000	4.590134e-002	9.575658e-004
5.130999999999935e+000	4.602616e-002	9.594290e-004
5.140999999999934e+000	4.615124e-002	9.612922e-004
5.150999999999934e+000	4.627660e-002	9.631554e-004
5.160999999999934e+000	4.640222e-002	9.650185e-004
5.170999999999934e+000	4.652812e-002	9.668815e-004
5.180999999999933e+000	4.665429e-002	9.687445e-004
5.190999999999933e+000	4.678074e-002	9.706074e-004
5.200999999999933e+000	4.690746e-002	9.724703e-004
5.210999999999933e+000	4.703446e-002	9.743331e-004
5.220999999999933e+000	4.716175e-002	9.761959e-004
5.230999999999932e+000	4.728933e-002	9.780587e-004
5.240999999999932e+000	4.741718e-002	9.799213e-004
5.250999999999932e+000	4.754533e-002	9.817838e-004
5.260999999999932e+000	4.767376e-002	9.836465e-004
5.270999999999932e+000	4.780249e-002	9.855090e-004
5.280999999999931e+000	4.793151e-002	9.873714e-004
5.290999999999931e+000	4.806083e-002	9.892338e-004
5.300999999999931e+000	4.819044e-002	9.910961e-004
5.310999999999931e+000	4.832036e-002	9.929584e-004
5.320999999999931e+000	4.845057e-002	9.948206e-004
5.330999999999930e+000	4.858109e-002	9.966828e-004
5.340999999999930e+000	4.871192e-002	9.985450e-004
5.350999999999930e+000	4.884305e-002	1.000407e-003
5.360999999999930e+000	4.897450e-002	1.002269e-003
5.370999999999929e+000	4.910626e-002	1.004131e-003
5.380999999999929e+000	4.923833e-002	1.005993e-003
5.390999999999929e+000	4.937072e-002	1.007855e-003
5.400999999999929e+000	4.950343e-002	1.009716e-003
5.410999999999929e+000	4.963646e-002	1.011578e-003
5.420999999999928e+000	4.976982e-002	1.013440e-003
5.430999999999928e+000	4.990351e-002	1.015301e-003
5.440999999999928e+000	5.003752e-002	1.017163e-003
5.450999999999928e+000	5.017187e-002	1.019024e-003
5.460999999999928e+000	5.030654e-002	1.020886e-003
5.470999999999927e+000	5.044156e-002	1.022747e-003
5.480999999999927e+000	5.057692e-002	1.024608e-003
5.490999999999927e+000	5.071261e-002	1.026469e-003
5.500999999999927e+000	5.084866e-002	1.028330e-003
5.510999999999926e+000	5.098504e-002	1.030192e-003
5.520999999999926e+000	5.112178e-002	1.032052e-003
5.530999999999926e+000	5.125887e-002	1.033913e-003
5.540999999999926e+000	5.139632e-002	1.035774e-003
5.550999999999926e+000	5.153412e-002	1.037635e-003
5.560999999999925e+000	5.167229e-002	1.039496e-003
5.570999999999925e+000	5.181082e-002	1.041356e-003
5.580999999999925e+000	5.194971e-002	1.043217e-003
5.590999999999925e+000	5.208898e-002	1.045078e-003
5.600999999999925e+000	5.222861e-002	1.046938e-003
5.610999999999924e+000	5.236863e-002	1.048798e-003
5.620999999999924e+000	5.250902e-002	1.050659e-003
5.630999999999924e+000	5.264979e-002	1.052519e-003
5.640999999999924e+000	5.279095e-002	1.054379e-003
5.650999999999923e+000	5.293250e-002	1.056239e-003
5.660999999999923e+000	5.307444e-002	1.058099e-003
5.670999999999923e+000	5.321677e-002	1.059959e-003
5.680999999999923e+000	5.335950e-002	1.061819e-003
5.690999999999923e+000	5.350263e-002	1.063679e-003
5.700999999999922e+000	5.364617e-002	1.065538e-003
5.710999999999922e+000	5.379011e-002	1.067398e-003
5.720999999999922e+000	5.393447e-002	1.069258e-003
5.730999999999922e+000	5.407924e-002	1.071117e-003
5.740999999999922e+000	5.422443e-002	1.072977e-003
5.750999999999921e+000	5.437004e-002	1.074836e-003
5.760999999999921e+000	5.451608e-002	1.076695e-003
5.770999999999921e+000	5.466255e-002	1.078554e-003
5.780999999999921e+000	5.480945e-002	1.080413e-003
5.790999999999920e+000	5.495679e-002	1.082272e-003
5.800999999999920e+000	5.510458e-002	1.084131e-003
5.810999999999920e+000	5.525280e-002	1.085990e-003
5.820999999999920e+000	5.540148e-002	1.087849e-003
5.830999999999920e+000	5.555061e-002	1.089707e-003
5.840999999999919e+000	5.570020e-002	1.091566e-003
5.850999999999919e+000	5.585026e-002	1.093425e-003
5.860999999999919e+000	5.600078e-002	1.095283e-003
5.870999999999919e+000	5.615177e-002	1.097141e-003
5.880999999999919e+000	5.630323e-002	1.098999e-003
5.890999999999918e+000	5.645518e-002	1.100858e-003
5.900999999999918e+000	5.660761e-002	1.102715e-003
5.910999999999918e+000	5.676053e-002	1.104573e-003
5.920999999999918e+000	5.691394e-002	1.106431e-003
5.930999999999917e+000	5.706786e-002	1.108289e-003
5.940999999999917e+000	5.722227e-002	1.110147e-003
5.950999999999917e+000	5.737720e-002	1.112004e-003
5.960999999999917e+000	5.753264e-002	1.113862e-003
5.970999999999917e+000	5.768860e-002	1.115719e-003
5.980999999999916e+000	5.784509e-002	1.117576e-003
5.990999999999916e+000	5.800210e-002	1.119434e-003
6.000999999999916e+000	5.815965e-002	1.121291e-003
6.010999999999916e+000	5.831774e-002	1.123148e-003
6.020999999999916e+000	5.847638e-002	1.125004e-003
6.030999999999915e+000	5.863557e-002	1.126861e-003
6.040999999999915e+000	5.879531e-002	1.128718e-003
6.050999999999915e+000	5.895562e-002	1.130574e-003
6.060999999999915e+000	5.911651e-002	1.132431e-003
6.070999999999915e+000	5.927796e-002	1.134287e-003
6.080999999999914e+000	5.944000e-002	1.136143e-003
6.090999999999914e+000	5.960263e-002	1.137999e-003
6.100999999999914e+000	5.976586e-002	1.139855e-003
6.110999999999914e+000	5.992968e-002	1.141711e-003
6.120999999999913e+000	6.009411e-002	1.143567e-003
6.130999999999913e+000	6.025916e-002	1.145423e-003
6.140999999999913e+000	6.042484e-002	1.147278e-003
6.150999999999913e+000	6.059114e-002	1.149134e-003
6.160999999999913e+000	6.075808e-002	1.150989e-003
6.170999999999912e+000	6.092566e-002	1.152844e-003
6.180999999999912e+000	6.109389e-002	1.154699e-003
6.190999999999912e+000	6.126279e-002	1.156554e-003
6.200999999999912e+000	6.143235e-002	1.158409e-003
6.210999999999912e+000	6.160259e-002	1.160264e-003
6.220999999999911e+000	6.177351e-002	1.162118e-003
6.230999999999911e+000	6.194512e-002	1.163973e-003
6.240999999999911e+000	6.211743e-002	1.165827e-003
6.250999999999911e+000	6.229045e-002	1.167681e-003
6.260999999999910e+000	6.246419e-002	1.169535e-003
6.270999999999910e+000	6.263866e-002	1.171389e-003
6.280999999999910e+000	6.281386e-002	1.173243e-003
6.290999999999910e+000	6.298981e-002	1.175096e-003
6.300999999999910e+000	6.316651e-002	1.176950e-003
6.310999999999909e+000	6.334398e-002	1.178803e-003
6.320999999999909e+000	6.352222e-002	1.180656e-003
6.330999999999909e+000	6.370125e-002	1.182509e-003
6.340999999999909e+000	6.388107e-002	1.184362e-003
6.350999999999909e+000	6.406170e-002	1.186215e-003
6.360999999999908e+000	6.424315e-002	1.188067e-003
6.370999999999908e+000	6.442542e-002	1.189920e-003
6.380999999999908e+000	6.460854e-002	1.191772e-003
6.390999999999908e+000	6.479251e-002	1.193624e-003
6.400999999999907e+000	6.497735e-002	1.195476e-003
6.410999999999907e+000	6.516306e-002	1.197328e-003
6.420999999999907e+000	6.534965e-002	1.199179e-003
6.430999999999907e+000	6.553715e-002	1.201031e-003
6.440999999999907e+000	6.572557e-002	1.202882e-003
6.450999999999906e+000	6.591492e-002	1.204733e-003
6.460999999999906e+000	6.610521e-002	1.206584e-003
6.470999999999906e+000	6.629645e-002	1.208435e-003
6.480999999999906e+000	6.648867e-002	1.210285e-003
6.490999999999906e+000	6.668188e-002	1.212136e-003
6.500999999999905e+000	6.687608e-002	1.213986e-003
6.510999999999905e+000	6.707130e-002	1.215836e-003
6.520999999999905e+000	6.726756e-002	1.217685e-003
6.530999999999905e+000	6.746487e-002	1.219535e-003
6.540999999999904e+000	6.766325e-002	1.221384e-003
6.550999999999904e+000	6.786271e-002	1.223233e-003
6.560999999999904e+000	6.806327e-002	1.225082e-003
6.570999999999904e+000	6.826497e-002	1.226931e-003
6.580999999999904e+000	6.846780e-002	1.228780e-003
6.590999999999903e+000	6.867179e-002	1.230628e-003
6.600999999999903e+000	6.887696e-002	1.232476e-003
6.610999999999903e+000	6.908333e-002	1.234324e-003
6.620999999999903e+000	6.929093e-002	1.236172e-003
6.630999999999903e+000	6.949977e-002	1.238019e-003
6.640999999999902e+000	6.970988e-002	1.239866e-003
6.650999999999902e+000	6.992128e-002	1.241713e-003
6.660999999999902e+000	7.013400e-002	1.243560e-003
6.670999999999902e+000	7.034806e-002	1.245406e-003
6.680999999999902e+000	7.056349e-002	1.247252e-003
6.690999999999901e+000	7.078031e-002	1.249098e-003
6.700999999999901e+000	7.099855e-002	1.250944e-003
6.710999999999901e+000	7.121824e-002	1.252789e-003
6.720999999999901e+000	7.143940e-002	1.254634e-003
6.730999999999900e+000	7.166208e-002	1.256479e-003
6.740999999999900e+000	7.188629e-002	1.258323e-003
6.750999999999900e+000	7.211208e-002	1.260168e-003
6.760999999999900e+000	7.233948e-002	1.262011e-003
6.770999999999900e+000	7.256851e-002	1.263855e-003
6.780999999999899e+000	7.279923e-002	1.265698e-003
6.790999999999899e+000	7.303166e-002	1.267541e-003
6.800999999999899e+000	7.326584e-002	1.269384e-003
6.810999999999899e+000	7.350182e-002	1.271226e-003
6.820999999999899e+000	7.373963e-002	1.273068e-003
6.830999999999898e+000	7.397932e-002	1.274910e-003
6.840999999999898e+000	7.422094e-002	1.276751e-003
6.850999999999898e+000	7.446453e-002	1.278592e-003
6.860999999999898e+000	7.471014e-002	1.280432e-003
6.870999999999897e+000	7.495783e-002	1.282272e-003
6.880999999999897e+000	7.520764e-002	1.284112e-003
6.890999999999897e+000	7.545963e-002	1.285951e-003
6.900999999999897e+000	7.571387e-002	1.287790e-003
6.910999999999897e+000	7.597040e-002	1.289628e-003
6.920999999999896e+000	7.622930e-002	1.291466e-003
6.930999999999896e+000	7.649063e-002	1.293304e-003
6.940999999999896e+000	7.675447e-002	1.295141e-003
6.950999999999896e+000	7.702088e-002	1.296977e-003
6.960999999999896e+000	7.728995e-002	1.298813e-003
6.970999999999895e+000	7.756175e-002	1.300649e-003
6.980999999999895e+000	7.783637e-002	1.302484e-003
6.990999999999895e+000	7.811390e-002	1.304318e-003
7.000999999999895e+000	7.839443e-002	1.306152e-003
7.010999999999894e+000	7.867806e-002	1.307985e-003
7.020999999999894e+000	7.896491e-002	1.309818e-003
7.030999999999894e+000	7.925508e-002	1.311650e-003
7.040999999999894e+000	7.954869e-002	1.313481e-003
7.050999999999894e+000	7.984585e-002	1.315312e-003
7.060999999999893e+000	8.014673e-002	1.317142e-003
7.070999999999893e+000	8.045144e-002	1.318971e-003
7.080999999999893e+000	8.076014e-002	1.320800e-003
7.090999999999893e+000	8.107299e-002	1.322628e-003
7.100999999999893e+000	8.139017e-002	1.324455e-003
7.110999999999892e+000	8.171187e-002	1.326281e-003
7.120999999999892e+000	8.203827e-002	1.328106e-003
7.130999999999892e+000	8.236959e-002	1.329930e-003
7.140999999999892e+000	8.270606e-002	1.331754e-003
7.150999999999891e+000	8.304794e-002	1.333576e-003
7.160999999999891e+000	8.339549e-002	1.335397e-003
7.170999999999891e+000	8.374900e-002	1.337217e-003
7.180999999999891e+000	8.410879e-002	1.339036e-003
7.190999999999891e+000	8.447521e-002	1.340854e-003
7.200999999999890e+000	8.484864e-002	1.342670e-003
7.210999999999890e+000	8.522950e-002	1.344485e-003
7.220999999999890e+000	8.561826e-002	1.346298e-003
7.230999999999890e+000	8.601541e-002	1.348110e-003
7.240999999999890e+000	8.642155e-002	1.349920e-003
7.250999999999889e+000	8.683729e-002	1.351729e-003
7.260999999999889e+000	8.726338e-002	1.353535e-003
7.270999999999889e+000	8.770060e-002	1.355340e-003
7.280999999999889e+000	8.814990e-002	1.357142e-003
7.290999999999889e+000	8.861232e-002	1.358941e-003
7.300999999999888e+000	8.908910e-002	1.360738e-003
7.310999999999888e+000	8.958165e-002	1.362532e-003
7.320999999999888e+000	9.009168e-002	1.364322e-003
7.330999999999888e+000	9.062117e-002	1.366109e-003
7.340999999999887e+000	9.117254e-002	1.367892e-003
7.350999999999887e+000	9.174876e-002	1.369670e-003
7.360999999999887e+000	9.235353e-002	1.371443e-003
7.370999999999887e+000	9.299157e-002	1.373209e-003
7.380999999999887e+000	9.366906e-002	1.374968e-003
7.390999999999886e+000	9.439439e-002	1.376718e-003
7.400999999999886e+000	9.517940e-002	1.378457e-003
7.410999999999886e+000	9.604179e-002	1.380181e-003
7.420999999999886e+000	9.701022e-002	1.381885e-003
7.430999999999886e+000	9.813693e-002	1.383559e-003
7.440999999999885e+000	9.953845e-002	1.385181e-003
7.450999999999885e+000	1.016130e-001	1.386677e-003
7.460999999999885e+000	1.101065e-001	1.386961e-003
7.470999999999885e+000	1.201065e-001	1.386961e-003
7.480999999999884e+000	1.301065e-001	1.386961e-003
7.490999999999884e+000	1.401065e-001	1.386961e-003
7.500999999999884e+000	1.501065e-001	1.386961e-003
7.510999999999884e+000	1.601065e-001	1.386961e-003
7.520999999999884e+000	1.701065e-001	1.386961e-003
7.530999999999883e+000	1.801065e-001	1.386961e-003
7.540999999999883e+000	1.901065e-001	1.386961e-003
7.550999999999883e+000	2.001065e-001	1.386961e-003
7.560999999999883e+000	2.101065e-001	1.386961e-003
7.570999999999883e+000	2.201065e-001	1.386961e-003
7.580999999999882e+000	2.301065e-001	1.386961e-003
7.590999999999882e+000	2.401065e-001	1.386961e-003
7.600999999999882e+000	2.501065e-001	1.386961e-003
7.610999999999882e+000	2.601065e-001	1.386961e-003
7.620999999999881e+000	2.701065e-001	1.386961e-003
7.630999999999881e+000	2.801065e-001	1.386961e-003
7.640999999999881e+000	2.901065e-001	1.386961e-003
7.650999999999881e+000	3.001065e-001	1.386961e-003
7.660999999999881e+000	3.101065e-001	1.386961e-003
7.670999999999880e+000	3.201064e-001	1.386961e-003
7.680999999999880e+000	3.301065e-001	1.386961e-003
7.690999999999880e+000	3.401065e-001	1.386961e-003
7.700999999999880e+000	3.501064e-001	1.386961e-003
7.710999999999880e+000	3.601065e-001	1.386961e-003
7.720999999999879e+000	3.701065e-001	1.386961e-003
7.730999999999879e+000	3.801064e-001	1.386961e-003
7.740999999999879e+000	3.901065e-001	1.386961e-003
7.750999999999879e+000	4.001065e-001	1.386961e-003
7.760999999999878e+000	4.101065e-001	1.386961e-003
7.770999999999878e+000	4.201065e-001	1.386961e-003
7.780999999999878e+000	4.301065e-001	1.386961e-003
7.790999999999878e+000	4.401065e-001	1.386961e-003
7.800999999999878e+000	4.501065e-001	1.386961e-003
7.810999999999877e+000	4.601065e-001	1.386961e-003
7.820999999999877e+000	4.701065e-001	1.386961e-003
7.830999999999877e+000	4.801065e-001	1.386961e-003
7.840999999999877e+000	4.901065e-001	1.386961e-003
7.850999999999877e+000	5.001065e-001	1.386961e-003
7.860999999999876e+000	5.101064e-001	1.386961e-003
7.870999999999876e+000	5.201064e-001	1.386961e-003
7.880999999999876e+000	5.301065e-001	1.386961e-003
7.890999999999876e+000	5.401065e-001	1.386961e-003
7.900999999999876e+000	5.501065e-001	1.386961e-003
7.910999999999875e+000	5.601065e-001	1.386961e-003
7.920999999999875e+000	5.701064e-001	1.386961e-003
7.930999999999875e+000	5.801064e-001	1.386961e-003
7.940999999999875e+000	5.901065e-001	1.386961e-003
7.950999999999874e+000	6.001065e-001	1.386961e-003
7.960999999999874e+000	6.101065e-001	1.386961e-003
7.970999999999874e+000	6.201065e-001	1.386961e-003
7.980999999999874e+000	6.301064e-001	1.386961e-003
7.990999999999874e+000	6.401064e-001	1.386961e-003
8.000999999999873e+000	6.501064e-001	1.386961e-003
8.010999999999873e+000	6.601065e-001	1.386961e-003
8.020999999999873e+000	6.701065e-001	1.386961e-003
8.030999999999873e+000	6.801065e-001	1.386961e-003
8.040999999999873e+000	6.901065e-001	1.386961e-003
8.050999999999872e+000	7.001064e-001	1.386961e-003
8.060999999999872e+000	7.101064e-001	1.386961e-003
8.070999999999872e+000	7.201065e-001	1.386961e-003
8.080999999999872e+000	7.301065e-001	1.386961e-003
8.090999999999871e+000	7.401065e-001	1.386961e-003
8.100999999999871e+000	7.501065e-001	1.386961e-003
8.110999999999871e+000	7.601064e-001	1.386961e-003
8.120999999999871e+000	7.701064e-001	1.386961e-003
8.130999999999871e+000	7.801065e-001	1.386961e-003
8.140999999999870e+000	7.901065e-001	1.386961e-003
8.150999999999870e+000	8.001065e-001	1.386961e-003
8.160999999999870e+000	8.101065e-001	1.386961e-003
8.170999999999870e+000	8.201064e-001	1.386961e-003
8.180999999999870e+000	8.301064e-001	1.386961e-003
8.190999999999869e+000	8.401064e-001	1.386961e-003
8.200999999999869e+000	8.501065e-001	1.386961e-003
8.210999999999869e+000	8.601065e-001	1.386961e-003
8.220999999999869e+000	8.701065e-001	1.386961e-003
8.230999999999868e+000	8.801064e-001	1.386961e-003
8.240999999999868e+000	8.901064e-001	1.386961e-003
8.250999999999868e+000	9.001064e-001	1.386961e-003
8.260999999999868e+000	9.101065e-001	1.386961e-003
8.270999999999868e+000	9.201065e-001	1.386961e-003
8.280999999999867e+000	9.301065e-001	1.386961e-003
8.290999999999867e+000	9.401065e-001	1.386961e-003
8.300999999999867e+000	9.501064e-001	1.386961e-003
8.310999999999867e+000	9.601064e-001	1.386961e-003
8.320999999999867e+000	9.701065e-001	1.386961e-003
8.330999999999866e+000	9.801065e-001	1.386961e-003
8.340999999999866e+000	9.901065e-001	1.386961e-003
8.350999999999866e+000	1.000106e+000	1.386961e-003
8.360999999999866e+000	1.010106e+000	1.386961e-003
8.370999999999865e+000	1.020106e+000	1.386961e-003
8.380999999999865e+000	1.030106e+000	1.386961e-003
8.390999999999865e+000	1.040106e+000	1.386961e-003
8.400999999999865e+000	1.050106e+000	1.386961e-003
8.410999999999865e+000	1.060106e+000	1.386961e-003
8.420999999999864e+000	1.070107e+000	1.386961e-003
8.430999999999864e+000	1.080106e+000	1.386961e-003
8.440999999999864e+000	1.090106e+000	1.386961e-003
8.450999999999864e+000	1.100106e+000	1.386961e-003
8.460999999999864e+000	1.110106e+000	1.386961e-003
8.470999999999863e+000	1.120106e+000	1.386961e-003
8.480999999999863e+000	1.130106e+000	1.386961e-003
8.490999999999863e+000	1.140106e+000	1.386961e-003
8.500999999999863e+000	1.150106e+000	1.386961e-003
8.510999999999863e+000	1.160106e+000	1.386961e-003
8.520999999999862e+000	1.170106e+000	1.386961e-003
8.530999999999862e+000	1.180106e+000	1.386961e-003
8.540999999999862e+000	1.190107e+000	1.386961e-003
8.550999999999862e+000	1.200107e+000	1.386961e-003
8.560999999999861e+000	1.210106e+000	1.386961e-003
8.570999999999861e+000	1.220106e+000	1.386961e-003
8.580999999999861e+000	1.230106e+000	1.386961e-003
8.590999999999861e+000	1.240106e+000	1.386961e-003
8.600999999999861e+000	1.250106e+000	1.386961e-003
8.610999999999860e+000	1.260106e+000	1.386961e-003
8.620999999999860e+000	1.270106e+000	1.386961e-003
8.630999999999860e+000	1.280106e+000	1.386961e-003
8.640999999999860e+000	1.290106e+000	1.386961e-003
8.650999999999860e+000	1.300106e+000	1.386961e-003
8.660999999999859e+000	1.310106e+000	1.386961e-003
8.670999999999859e+000	1.320107e+000	1.386961e-003
8.680999999999859e+000	1.330106e+000	1.386961e-003
8.690999999999859e+000	1.340106e+000	1.386961e-003
8.700999999999858e+000	1.350106e+000	1.386961e-003
8.710999999999858e+000	1.360106e+000	1.386961e-003
8.720999999999858e+000	1.370106e+000	1.386961e-003
8.730999999999858e+000	1.380106e+000	1.386961e-003
8.740999999999858e+000	1.390106e+000	1.386961e-003
8.750999999999857e+000	1.400106e+000	1.386961e-003
8.760999999999857e+000	1.410106e+000	1.386961e-003
8.770999999999857e+000	1.420106e+000	1.386961e-003
8.780999999999857e+000	1.430106e+000	1.386961e-003
8.790999999999857e+000	1.440106e+000	1.386961e-003
8.800999999999856e+000	1.450107e+000	1.386961e-003
8.810999999999856e+000	1.460106e+000	1.386961e-003
8.820999999999856e+000	1.470106e+000	1.386961e-003
8.830999999999856e+000	1.480106e+000	1.386961e-003
8.840999999999855e+000	1.490106e+000	1.386961e-003
8.850999999999855e+000	1.500106e+000	1.386961e-003
8.860999999999855e+000	1.510106e+000	1.386961e-003
8.870999999999855e+000	1.520106e+000	1.386961e-003
8.880999999999855e+000	1.530106e+000	1.386961e-003
8.890999999999854e+000	1.540106e+000	1.386961e-003
8.900999999999854e+000	1.550106e+000	1.386961e-003
8.910999999999854e+000	1.560106e+000	1.386961e-003
8.920999999999854e+000	1.570107e+000	1.386961e-003
8.930999999999854e+000	1.580106e+000	1.386961e-003
8.940999999999853e+000	1.590106e+000	1.386961e-003
8.950999999999853e+000	1.600106e+000	1.386961e-003
8.960999999999853e+000	1.610106e+000	1.386961e-003
8.970999999999853e+000	1.620106e+000	1.386961e-003
8.980999999999852e+000	1.630106e+000	1.386961e-003
8.990999999999852e+000	1.640106e+000	1.386961e-003
9.000999999999852e+000	1.650106e+000	1.386961e-003
9.010999999999852e+000	1.660106e+000	1.386961e-003
9.020999999999852e+000	1.670106e+000	1.386961e-003
9.030999999999851e+000	1.680106e+000	1.386961e-003
9.040999999999851e+000	1.690106e+000	1.386961e-003
9.050999999999851e+000	1.700107e+000	1.386961e-003
9.060999999999851e+000	1.710106e+000	1.386961e-003
9.070999999999851e+000	1.720106e+000	1.386961e-003
9.080999999999850e+000	1.730106e+000	1.386961e-003
9.090999999999850e+000	1.740106e+000	1.386961e-003
9.100999999999850e+000	1.750106e+000	1.386961e-003
9.110999999999850e+000	1.760106e+000	1.386961e-003
9.120999999999850e+000	1.770106e+000	1.386961e-003
9.130999999999849e+000	1.780106e+000	1.386961e-003
9.140999999999849e+000	1.790106e+000	1.386961e-003
9.150999999999849e+000	1.800106e+000	1.386961e-003
9.160999999999849e+000	1.810106e+000	1.386961e-003
9.170999999999848e+000	1.820106e+000	1.386961e-003
9.180999999999848e+000	1.830106e+000	1.386961e-003
9.190999999999848e+000	1.840106e+000	1.386961e-003
9.200999999999848e+000	1.850106e+000	1.386961e-003
9.210999999999848e+000	1.860106e+000	1.386961e-003
9.220999999999847e+000	1.870106e+000	1.386961e-003
9.230999999999847e+000	1.880106e+000	1.386961e-003
9.240999999999847e+000	1.890106e+000	1.386961e-003
9.250999999999847e+000	1.900106e+000	1.386961e-003
9.260999999999847e+000	1.910106e+000	1.386961e-003
9.270999999999846e+000	1.920106e+000	1.386961e-003
9.280999999999846e+000	1.930106e+000	1.386961e-003
9.290999999999846e+000	1.940106e+000	1.386961e-003
9.300999999999846e+000	1.950107e+000	1.386961e-003
9.310999999999845e+000	1.960106e+000	1.386961e-003
9.320999999999845e+000	1.970106e+000	1.386961e-003
9.330999999999845e+000	1.980106e+000	1.386961e-003
9.340999999999845e+000	1.990106e+000	1.386961e-003
9.350999999999845e+000	2.000106e+000	1.386961e-003
9.360999999999844e+000	2.010106e+000	1.386961e-003
9.370999999999844e+000	2.020107e+000	1.386961e-003
9.380999999999844e+000	2.030107e+000	1.386961e-003
9.390999999999844e+000	2.040107e+000	1.386961e-003
9.400999999999844e+000	2.050107e+000	1.386961e-003
9.410999999999843e+000	2.060107e+000	1.386961e-003
9.420999999999843e+000	2.070107e+000	1.386961e-003
9.430999999999843e+000	2.080106e+000	1.386961e-003
9.440999999999843e+000	2.090106e+000	1.386961e-003
9.450999999999842e+000	2.100106e+000	1.386961e-003
9.460999999999842e+000	2.110106e+000	1.386961e-003
9.470999999999842e+000	2.120106e+000	1.386961e-003
9.480999999999842e+000	2.130106e+000	1.386961e-003
9.490999999999842e+000	2.140106e+000	1.386961e-003
9.500999999999841e+000	2.150106e+000	1.386961e-003
9.510999999999841e+000	2.160106e+000	1.386961e-003
9.520999999999841e+000	2.170106e+000	1.386961e-003
9.530999999999841e+000	2.180106e+000	1.386961e-003
9.540999999999841e+000	2.190106e+000	1.386961e-003
9.550999999999840e+000	2.200106e+000	1.386961e-003
9.560999999999840e+000	2.210106e+000	1.386961e-003
9.570999999999840e+000	2.220106e+000	1.386961e-003
9.580999999999840e+000	2.230106e+000	1.386961e-003
9.590999999999839e+000	2.240106e+000	1.386961e-003
9.600999999999839e+000	2.250106e+000	1.386961e-003
9.610999999999839e+000	2.260106e+000	1.386961e-003
9.620999999999839e+000	2.270107e+000	1.386961e-003
9.630999999999839e+000	2.280107e+000	1.386961e-003
9.640999999999838e+000	2.290107e+000	1.386961e-003
9.650999999999838e+000	2.300107e+000	1.386961e-003
9.660999999999838e+000	2.310107e+000	1.386961e-003
9.670999999999838e+000	2.320107e+000	1.386961e-003
9.680999999999838e+000	2.330106e+000	1.386961e-003
9.690999999999837e+000	2.340106e+000	1.386961e-003
9.700999999999837e+000	2.350106e+000	1.386961e-003
9.710999999999837e+000	2.360106e+000	1.386961e-003
9.720999999999837e+000	2.370106e+000	1.386961e-003
9.730999999999836e+000	2.380106e+000	1.386961e-003
9.740999999999836e+000	2.390106e+000	1.386961e-003
9.750999999999836e+000	2.400106e+000	1.386961e-003
9.760999999999836e+000	2.410106e+000	1.386961e-003
9.770999999999836e+000	2.420106e+000	1.386961e-003
9.780999999999835e+000	2.430106e+000	1.386961e-003
9.790999999999835e+000	2.440106e+000	1.386961e-003
9.800999999999835e+000	2.450106e+000	1.386961e-003
9.810999999999835e+000	2.460106e+000	1.386961e-003
9.820999999999835e+000	2.470106e+000	1.386961e-003
9.830999999999834e+000	2.480106e+000	1.386961e-003
9.840999999999834e+000	2.490106e+000	1.386961e-003
9.850999999999834e+000	2.500106e+000	1.386961e-003
9.860999999999834e+000	2.510106e+000	1.386961e-003
9.870999999999834e+000	2.520107e+000	1.386961e-003
9.880999999999833e+000	2.530107e+000	1.386961e-003
9.890999999999833e+000	2.540107e+000	1.386961e-003
9.900999999999833e+000	2.550107e+000	1.386961e-003
9.910999999999833e+000	2.560107e+000	1.386961e-003
9.920999999999832e+000	2.570107e+000	1.386961e-003
9.930999999999832e+000	2.580106e+000	1.386961e-003
9.940999999999832e+000	2.590106e+000	1.386961e-003
9.950999999999832e+000	2.600106e+000	1.386961e-003
9.960999999999832e+000	2.610106e+000	1.386961e-003
9.970999999999831e+000	2.620106e+000	1.386961e-003
9.980999999999831e+000	2.630106e+000	1.386961e-003
9.990999999999831e+000	2.640106e+000	1.386961e-003
1.000099999999983e+001	2.650106e+000	1.386961e-003
1.001099999999983e+001	2.660106e+000	1.386961e-003
1.002099999999983e+001	2.670106e+000	1.386961e-003
1.003099999999983e+001	2.680106e+000	1.386961e-003
1.004099999999983e+001	2.690106e+000	1.386961e-003
1.005099999999983e+001	2.700106e+000	1.386961e-003
1.006099999999983e+001	2.710106e+000	1.386961e-003
1.007099999999983e+001	2.720106e+000	1.386961e-003
1.008099999999983e+001	2.730106e+000	1.386961e-003
1.009099999999983e+001	2.740106e+000	1.386961e-003
1.010099999999983e+001	2.750106e+000	1.386961e-003
1.011099999999983e+001	2.760106e+000	1.386961e-003
1.012099999999983e+001	2.770107e+000	1.386961e-003
1.013099999999983e+001	2.780107e+000	1.386961e-003
1.014099999999983e+001	2.790107e+000	1.386961e-003
1.015099999999983e+001	2.800107e+000	1.386961e-003
1.016099999999983e+001	2.810107e+000	1.386961e-003
1.017099999999983e+001	2.820107e+000	1.386961e-003
1.018099999999983e+001	2.830106e+000	1.386961e-003
1.019099999999983e+001	2.840106e+000	1.386961e-003
1.020099999999983e+001	2.850106e+000	1.386961e-003
1.021099999999983e+001	2.860106e+000	1.386961e-003
1.022099999999983e+001	2.870106e+000	1.386961e-003
1.023099999999983e+001	2.880106e+000	1.386961e-003
1.024099999999983e+001	2.890106e+000	1.386961e-003
1.025099999999983e+001	2.900106e+000	1.386961e-003
1.026099999999983e+001	2.910106e+000	1.386961e-003
1.027099999999983e+001	2.920106e+000	1.386961e-003
1.028099999999983e+001	2.930106e+000	1.386961e-003
1.029099999999983e+001	2.940106e+000	1.386961e-003
1.030099999999982e+001	2.950106e+000	1.386961e-003
1.031099999999982e+001	2.960106e+000	1.386961e-003
1.032099999999982e+001	2.970106e+000	1.386961e-003
1.033099999999982e+001	2.980106e+000	1.386961e-003
1.034099999999982e+001	2.990106e+000	1.386961e-003
1.035099999999982e+001	3.000106e+000	1.386961e-003
1.036099999999982e+001	3.010106e+000	1.386961e-003
1.037099999999982e+001	3.020106e+000	1.386961e-003
1.038099999999982e+001	3.030107e+000	1.386961e-003
1.039099999999982e+001	3.040107e+000	1.386961e-003
1.040099999999982e+001	3.050107e+000	1.386961e-003
1.041099999999982e+001	3.060107e+000	1.386961e-003
1.042099999999982e+001	3.070107e+000	1.386961e-003
1.043099999999982e+001	3.080106e+000	1.386961e-003
1.044099999999982e+001	3.090106e+000	1.386961e-003
1.045099999999982e+001	3.100106e+000	1.386961e-003
1.046099999999982e+001	3.110106e+000	1.386961e-003
1.047099999999982e+001	3.120106e+000	1.386961e-003
1.048099999999982e+001	3.130106e+000	1.386961e-003
1.049099999999982e+001	3.140106e+000	1.386961e-003
1.050099999999982e+001	3.150106e+000	1.386961e-003
1.051099999999982e+001	3.160106e+000	1.386961e-003
1.052099999999982e+001	3.170106e+000	1.386961e-003
1.053099999999982e+001	3.180106e+000	1.386961e-003
1.054099999999982e+001	3.190106e+000	1.386961e-003
1.055099999999982e+001	3.200106e+000	1.386961e-003
1.056099999999982e+001	3.210106e+000	1.386961e-003
1.057099999999982e+001	3.220106e+000	1.386961e-003
1.058099999999982e+001	3.230106e+000	1.386961e-003
1.059099999999982e+001	3.240106e+000	1.386961e-003
1.060099999999982e+001	3.250106e+000	1.386961e-003
1.061099999999982e+001	3.260106e+000	1.386961e-003
1.062099999999982e+001	3.270106e+000	1.386961e-003
1.063099999999982e+001	3.280107e+000	1.386961e-003
1.064099999999982e+001	3.290107e+000	1.386961e-003
1.065099999999982e+001	3.300107e+000	1.386961e-003
1.066099999999982e+001	3.310107e+000	1.386961e-003
1.067099999999982e+001	3.320107e+000	1.386961e-003
1.068099999999982e+001	3.330106e+000	1.386961e-003
1.069099999999982e+001	3.340106e+000	1.386961e-003
1.070099999999982e+001	3.350106e+000	1.386961e-003
1.071099999999982e+001	3.360106e+000	1.386961e-003
1.072099999999982e+001	3.370106e+000	1.386961e-003
1.073099999999982e+001	3.380106e+000	1.386961e-003
1.074099999999982e+001	3.390106e+000	1.386961e-003
1.075099999999982e+001	3.400106e+000	1.386961e-003
1.076099999999981e+001	3.410106e+000	1.386961e-003
1.077099999999981e+001	3.420106e+000	1.386961e-003
1.078099999999981e+001	3.430106e+000	1.386961e-003
1.079099999999981e+001	3.440106e+000	1.386961e-003
1.080099999999981e+001	3.450106e+000	1.386961e-003
1.081099999999981e+001	3.460106e+000	1.386961e-003
1.082099999999981e+001	3.470106e+000	1.386961e-003
1.083099999999981e+001	3.480106e+000	1.386961e-003
1.084099999999981e+001	3.490106e+000	1.386961e-003
1.085099999999981e+001	3.500106e+000	1.386961e-003
1.086099999999981e+001	3.510106e+000	1.386961e-003
1.087099999999981e+001	3.520106e+000	1.386961e-003
1.088099999999981e+001	3.530107e+000	1.386961e-003
1.089099999999981e+001	3.540107e+000	1.386961e-003
1.090099999999981e+001	3.550107e+000	1.386961e-003
1.091099999999981e+001	3.560107e+000	1.386961e-003
1.092099999999981e+001	3.570107e+000	1.386961e-003
1.093099999999981e+001	3.580106e+000	1.386961e-003
1.094099999999981e+001	3.590106e+000	1.386961e-003
1.095099999999981e+001	3.600106e+000	1.386961e-003
1.096099999999981e+001	3.610106e+000	1.386961e-003
1.097099999999981e+001	3.620106e+000	1.386961e-003
1.098099999999981e+001	3.630106e+000	1.386961e-003
1.099099999999981e+001	3.640106e+000	1.386961e-003
1.100099999999981e+001	3.650106e+000	1.386961e-003
1.101099999999981e+001	3.660106e+000	1.386961e-003
1.102099999999981e+001	3.670106e+000	1.386961e-003
1.103099999999981e+001	3.680106e+000	1.386961e-003
1.104099999999981e+001	3.690106e+000	1.386961e-003
1.105099999999981e+001	3.700106e+000	1.386961e-003
1.106099999999981e+001	3.710106e+000	1.386961e-003
1.107099999999981e+001	3.720106e+000	1.386961e-003
1.108099999999981e+001	3.730106e+000	1.386961e-003
1.109099999999981e+001	3.740106e+000	1.386961e-003
1.110099999999981e+001	3.750106e+000	1.386961e-003
1.111099999999981e+001	3.760106e+000	1.386961e-003
1.112099999999981e+001	3.770106e+000	1.386961e-003
1.113099999999981e+001	3.780106e+000	1.386961e-003
1.114099999999981e+001	3.790107e+000	1.386961e-003
1.115099999999981e+001	3.800107e+000	1.386961e-003
1.116099999999981e+001	3.810107e+000	1.386961e-003
1.117099999999981e+001	3.820107e+000	1.386961e-003
1.118099999999981e+001	3.830106e+000	1.386961e-003
1.119099999999981e+001	3.840106e+000	1.386961e-003
1.120099999999981e+001	3.850106e+000	1.386961e-003
1.121099999999981e+001	3.860106e+000	1.386961e-003
1.122099999999981e+001	3.870106e+000	1.386961e-003
1.123099999999980e+001	3.880106e+000	1.386961e-003
1.124099999999980e+001	3.890106e+000	1.386961e-003
1.125099999999980e+001	3.900106e+000	1.386961e-003
1.126099999999980e+001	3.910106e+000	1.386961e-003
1.127099999999980e+001	3.920106e+000	1.386961e-003
1.128099999999980e+001	3.930106e+000	1.386961e-003
1.129099999999980e+001	3.940106e+000	1.386961e-003
1.130099999999980e+001	3.950106e+000	1.386961e-003
1.131099999999980e+001	3.960106e+000	1.386961e-003
1.132099999999980e+001	3.970106e+000	1.386961e-003
1.133099999999980e+001	3.980106e+000	1.386961e-003
1.134099999999980e+001	3.990106e+000	1.386961e-003
1.135099999999980e+001	4.000106e+000	1.386961e-003
1.136099999999980e+001	4.010107e+000	1.386961e-003
1.137099999999980e+001	4.020106e+000	1.386961e-003
1.138099999999980e+001	4.030107e+000	1.386961e-003
1.139099999999980e+001	4.040106e+000	1.386961e-003
1.140099999999980e+001	4.050107e+000	1.386961e-003
1.141099999999980e+001	4.060106e+000	1.386961e-003
1.142099999999980e+001	4.070107e+000	1.386961e-003
1.143099999999980e+001	4.080106e+000	1.386961e-003
1.144099999999980e+001	4.090106e+000	1.386961e-003
1.145099999999980e+001	4.100106e+000	1.386961e-003
1.146099999999980e+001	4.110106e+000	1.386961e-003
1.147099999999980e+001	4.120106e+000	1.386961e-003
1.148099999999980e+001	4.130106e+000	1.386961e-003
1.149099999999980e+001	4.140106e+000	1.386961e-003
1.150099999999980e+001	4.150106e+000	1.386961e-003
1.151099999999980e+001	4.160107e+000	1.386961e-003
1.152099999999980e+001	4.170106e+000	1.386961e-003
1.153099999999980e+001	4.180107e+000	1.386961e-003
1.154099999999980e+001	4.190106e+000	1.386961e-003
1.155099999999980e+001	4.200107e+000	1.386961e-003
1.156099999999980e+001	4.210106e+000	1.386961e-003
1.157099999999980e+001	4.220107e+000	1.386961e-003
1.158099999999980e+001	4.230106e+000	1.386961e-003
1.159099999999980e+001	4.240107e+000	1.386961e-003
1.160099999999980e+001	4.250106e+000	1.386961e-003
1.161099999999980e+001	4.260107e+000	1.386961e-003
1.162099999999980e+001	4.270106e+000	1.386961e-003
1.163099999999980e+001	4.280107e+000	1.386961e-003
1.164099999999980e+001	4.290106e+000	1.386961e-003
1.165099999999980e+001	4.300107e+000	1.386961e-003
1.166099999999980e+001	4.310106e+000	1.386961e-003
1.167099999999980e+001	4.320107e+000	1.386961e-003
1.168099999999980e+001	4.330106e+000	1.386961e-003
1.169099999999980e+001	4.340106e+000	1.386961e-003
1.170099999999979e+001	4.350106e+000	1.386961e-003
1.171099999999979e+001	4.360106e+000	1.386961e-003
1.172099999999979e+001	4.370106e+000	1.386961e-003
1.173099999999979e+001	4.380106e+000	1.386961e-003
1.174099999999979e+001	4.390106e+000	1.386961e-003
1.175099999999979e+001	4.400106e+000	1.386961e-003
1.176099999999979e+001	4.410106e+000	1.386961e-003
1.177099999999979e+001	4.420106e+000	1.386961e-003
1.178099999999979e+001	4.430107e+000	1.386961e-003
1.179099999999979e+001	4.440106e+000	1.386961e-003
1.180099999999979e+001	4.450107e+000	1.386961e-003
1.181099999999979e+001	4.460106e+000	1.386961e-003
1.182099999999979e+001	4.470107e+000	1.386961e-003
1.183099999999979e+001	4.480106e+000	1.386961e-003
1.184099999999979e+001	4.490107e+000	1.386961e-003
1.185099999999979e+001	4.500106e+000	1.386961e-003
1.186099999999979e+001	4.510107e+000	1.386961e-003
1.187099999999979e+001	4.520106e+000	1.386961e-003
1.188099999999979e+001	4.530107e+000	1.386961e-003
1.189099999999979e+001	4.540106e+000	1.386961e-003
1.190099999999979e+001	4.550107e+000	1.386961e-003
1.191099999999979e+001	4.560106e+000	1.386961e-003
1.192099999999979e+001	4.570107e+000	1.386961e-003
1.193099999999979e+001	4.580106e+000	1.386961e-003
1.194099999999979e+001	4.590106e+000	1.386961e-003
1.195099999999979e+001	4.600106e+000	1.386961e-003
1.196099999999979e+001	4.610106e+000	1.386961e-003
1.197099999999979e+001	4.620106e+000	1.386961e-003
1.198099999999979e+001	4.630106e+000	1.386961e-003
1.199099999999979e+001	4.640106e+000	1.386961e-003
1.200000000000000e+001	4.649107e+000	1.386961e-003
