v2	V(ds)	Id(M1)
0.000000000000000e+000	-2.363367e-023	5.766506e-031
1.000000000000000e-001	1.293258e-003	1.862388e-005
2.000000000000000e-001	2.617319e-003	3.724189e-005
3.000000000000000e-001	3.974524e-003	5.585372e-005
4.000000000000000e-001	5.367504e-003	7.445879e-005
5.000000000000000e-001	6.799266e-003	9.305654e-005
6.000000000000000e-001	8.273265e-003	1.116463e-004
7.000000000000000e-001	9.793500e-003	1.302274e-004
7.999999999999999e-001	1.136465e-002	1.487988e-004
8.999999999999999e-001	1.299222e-002	1.673595e-004
9.999999999999999e-001	1.468281e-002	1.859084e-004
1.100000000000000e+000	1.644441e-002	2.044438e-004
1.200000000000000e+000	1.828685e-002	2.229639e-004
1.300000000000000e+000	2.022246e-002	2.414663e-004
1.400000000000000e+000	2.226706e-002	2.599480e-004
1.500000000000000e+000	2.444156e-002	2.784050e-004
1.600000000000000e+000	2.677448e-002	2.968317e-004
1.700000000000000e+000	2.930668e-002	3.152199e-004
1.800000000000001e+000	3.210022e-002	3.335569e-004
1.900000000000001e+000	3.525800e-002	3.518205e-004
2.000000000000000e+000	3.897491e-002	3.699632e-004
2.100000000000001e+000	4.371757e-002	3.878381e-004
2.200000000000001e+000	5.239780e-002	4.052067e-004
2.300000000000001e+000	1.450637e-001	4.065917e-004
2.400000000000001e+000	2.450637e-001	4.065917e-004
2.500000000000001e+000	3.450637e-001	4.065917e-004
2.600000000000001e+000	4.450637e-001	4.065917e-004
2.700000000000001e+000	5.450637e-001	4.065917e-004
2.800000000000001e+000	6.450637e-001	4.065917e-004
2.900000000000001e+000	7.450637e-001	4.065917e-004
3.000000000000001e+000	8.450637e-001	4.065917e-004
3.100000000000001e+000	9.450637e-001	4.065917e-004
3.200000000000002e+000	1.045064e+000	4.065917e-004
3.300000000000002e+000	1.145064e+000	4.065917e-004
3.400000000000002e+000	1.245064e+000	4.065917e-004
3.500000000000002e+000	1.345064e+000	4.065917e-004
3.600000000000002e+000	1.445064e+000	4.065917e-004
3.700000000000002e+000	1.545064e+000	4.065917e-004
3.800000000000002e+000	1.645064e+000	4.065917e-004
3.900000000000002e+000	1.745064e+000	4.065917e-004
4.000000000000002e+000	1.845064e+000	4.065917e-004
4.100000000000001e+000	1.945064e+000	4.065917e-004
4.200000000000001e+000	2.045064e+000	4.065917e-004
4.300000000000001e+000	2.145064e+000	4.065917e-004
4.400000000000000e+000	2.245064e+000	4.065917e-004
4.500000000000000e+000	2.345064e+000	4.065917e-004
4.600000000000000e+000	2.445064e+000	4.065917e-004
4.699999999999999e+000	2.545064e+000	4.065917e-004
4.799999999999999e+000	2.645064e+000	4.065917e-004
4.899999999999999e+000	2.745064e+000	4.065917e-004
4.999999999999998e+000	2.845064e+000	4.065917e-004
5.099999999999998e+000	2.945064e+000	4.065917e-004
5.199999999999998e+000	3.045064e+000	4.065917e-004
5.299999999999997e+000	3.145064e+000	4.065917e-004
5.399999999999997e+000	3.245064e+000	4.065917e-004
5.499999999999996e+000	3.345064e+000	4.065917e-004
5.599999999999996e+000	3.445064e+000	4.065917e-004
5.699999999999996e+000	3.545064e+000	4.065917e-004
5.799999999999995e+000	3.645064e+000	4.065917e-004
5.899999999999995e+000	3.745064e+000	4.065917e-004
5.999999999999995e+000	3.845064e+000	4.065917e-004
6.099999999999994e+000	3.945064e+000	4.065917e-004
6.199999999999994e+000	4.045063e+000	4.065917e-004
6.299999999999994e+000	4.145064e+000	4.065917e-004
6.399999999999993e+000	4.245064e+000	4.065917e-004
6.499999999999993e+000	4.345064e+000	4.065917e-004
6.599999999999993e+000	4.445064e+000	4.065917e-004
6.699999999999992e+000	4.545063e+000	4.065917e-004
6.799999999999992e+000	4.645064e+000	4.065917e-004
6.899999999999992e+000	4.745064e+000	4.065917e-004
6.999999999999991e+000	4.845064e+000	4.065917e-004
7.099999999999991e+000	4.945064e+000	4.065917e-004
7.199999999999990e+000	5.045063e+000	4.065917e-004
7.299999999999990e+000	5.145064e+000	4.065917e-004
7.399999999999990e+000	5.245064e+000	4.065917e-004
7.499999999999989e+000	5.345064e+000	4.065917e-004
7.599999999999989e+000	5.445064e+000	4.065917e-004
7.699999999999989e+000	5.545063e+000	4.065917e-004
7.799999999999988e+000	5.645064e+000	4.065917e-004
7.899999999999988e+000	5.745064e+000	4.065917e-004
7.999999999999988e+000	5.845064e+000	4.065917e-004
8.099999999999987e+000	5.945064e+000	4.065917e-004
8.199999999999987e+000	6.045063e+000	4.065917e-004
8.299999999999987e+000	6.145064e+000	4.065917e-004
8.399999999999986e+000	6.245064e+000	4.065917e-004
8.499999999999986e+000	6.345064e+000	4.065917e-004
8.599999999999985e+000	6.445064e+000	4.065917e-004
8.699999999999985e+000	6.545063e+000	4.065917e-004
8.799999999999985e+000	6.645064e+000	4.065917e-004
8.899999999999984e+000	6.745064e+000	4.065917e-004
8.999999999999984e+000	6.845064e+000	4.065917e-004
9.099999999999984e+000	6.945064e+000	4.065917e-004
9.199999999999983e+000	7.045063e+000	4.065917e-004
9.299999999999983e+000	7.145064e+000	4.065917e-004
9.399999999999983e+000	7.245064e+000	4.065917e-004
9.499999999999982e+000	7.345064e+000	4.065917e-004
9.599999999999982e+000	7.445064e+000	4.065917e-004
9.699999999999982e+000	7.545063e+000	4.065917e-004
9.799999999999981e+000	7.645063e+000	4.065917e-004
9.899999999999981e+000	7.745064e+000	4.065917e-004
9.999999999999981e+000	7.845064e+000	4.065917e-004
1.009999999999998e+001	7.945064e+000	4.065917e-004
1.019999999999998e+001	8.045064e+000	4.065917e-004
1.029999999999998e+001	8.145063e+000	4.065917e-004
1.039999999999998e+001	8.245064e+000	4.065917e-004
1.049999999999998e+001	8.345063e+000	4.065917e-004
1.059999999999998e+001	8.445064e+000	4.065917e-004
1.069999999999998e+001	8.545064e+000	4.065917e-004
1.079999999999998e+001	8.645063e+000	4.065918e-004
1.089999999999998e+001	8.745064e+000	4.065918e-004
1.099999999999998e+001	8.845063e+000	4.065918e-004
1.109999999999998e+001	8.945064e+000	4.065918e-004
1.119999999999998e+001	9.045064e+000	4.065918e-004
1.129999999999998e+001	9.145063e+000	4.065918e-004
1.139999999999998e+001	9.245064e+000	4.065918e-004
1.149999999999998e+001	9.345063e+000	4.065918e-004
1.159999999999998e+001	9.445064e+000	4.065918e-004
1.169999999999997e+001	9.545064e+000	4.065918e-004
1.179999999999997e+001	9.645063e+000	4.065918e-004
1.189999999999997e+001	9.745064e+000	4.065918e-004
1.199999999999997e+001	9.845063e+000	4.065918e-004
1.209999999999997e+001	9.945064e+000	4.065918e-004
1.219999999999997e+001	1.004506e+001	4.065918e-004
1.229999999999997e+001	1.014506e+001	4.065918e-004
1.239999999999997e+001	1.024506e+001	4.065918e-004
1.249999999999997e+001	1.034506e+001	4.065918e-004
1.259999999999997e+001	1.044506e+001	4.065918e-004
1.269999999999997e+001	1.054506e+001	4.065918e-004
1.279999999999997e+001	1.064506e+001	4.065918e-004
1.289999999999997e+001	1.074506e+001	4.065918e-004
1.299999999999997e+001	1.084506e+001	4.065918e-004
1.309999999999997e+001	1.094506e+001	4.065918e-004
1.319999999999997e+001	1.104506e+001	4.065918e-004
1.329999999999997e+001	1.114506e+001	4.065918e-004
1.339999999999997e+001	1.124506e+001	4.065918e-004
1.349999999999997e+001	1.134506e+001	4.065918e-004
1.359999999999997e+001	1.144506e+001	4.065918e-004
1.369999999999997e+001	1.154506e+001	4.065918e-004
1.379999999999997e+001	1.164506e+001	4.065918e-004
1.389999999999997e+001	1.174506e+001	4.065918e-004
1.399999999999997e+001	1.184506e+001	4.065918e-004
1.409999999999997e+001	1.194506e+001	4.065918e-004
1.419999999999997e+001	1.204506e+001	4.065918e-004
1.429999999999997e+001	1.214506e+001	4.065918e-004
1.439999999999997e+001	1.224506e+001	4.065918e-004
1.449999999999996e+001	1.234506e+001	4.065918e-004
1.459999999999996e+001	1.244506e+001	4.065918e-004
1.469999999999996e+001	1.254506e+001	4.065918e-004
1.479999999999996e+001	1.264506e+001	4.065918e-004
1.489999999999996e+001	1.274506e+001	4.065918e-004
1.499999999999996e+001	1.284506e+001	4.065918e-004
1.509999999999996e+001	1.294506e+001	4.065918e-004
1.519999999999996e+001	1.304506e+001	4.065918e-004
1.529999999999996e+001	1.314506e+001	4.065918e-004
1.539999999999996e+001	1.324506e+001	4.065918e-004
1.549999999999996e+001	1.334506e+001	4.065918e-004
1.559999999999996e+001	1.344506e+001	4.065918e-004
1.569999999999996e+001	1.354506e+001	4.065918e-004
1.579999999999996e+001	1.364506e+001	4.065918e-004
1.589999999999996e+001	1.374506e+001	4.065918e-004
1.599999999999996e+001	1.384506e+001	4.065918e-004
1.609999999999996e+001	1.394506e+001	4.065918e-004
1.619999999999996e+001	1.404506e+001	4.065918e-004
1.629999999999996e+001	1.414506e+001	4.065918e-004
1.639999999999996e+001	1.424506e+001	4.065918e-004
1.649999999999996e+001	1.434506e+001	4.065918e-004
1.659999999999997e+001	1.444506e+001	4.065918e-004
1.669999999999997e+001	1.454506e+001	4.065918e-004
1.679999999999997e+001	1.464506e+001	4.065918e-004
1.689999999999997e+001	1.474506e+001	4.065918e-004
1.699999999999997e+001	1.484506e+001	4.065918e-004
1.709999999999997e+001	1.494506e+001	4.065918e-004
1.719999999999997e+001	1.504506e+001	4.065918e-004
1.729999999999998e+001	1.514506e+001	4.065918e-004
1.739999999999998e+001	1.524506e+001	4.065918e-004
1.749999999999998e+001	1.534506e+001	4.065918e-004
1.759999999999998e+001	1.544506e+001	4.065918e-004
1.769999999999998e+001	1.554506e+001	4.065918e-004
1.779999999999998e+001	1.564506e+001	4.065918e-004
1.789999999999998e+001	1.574506e+001	4.065918e-004
1.800000000000000e+001	1.584506e+001	4.065918e-004
0.000000000000000e+000	-5.043461e-025	-6.430285e-031
1.000000000000000e-001	9.225204e-004	1.869386e-005
2.000000000000000e-001	1.855951e-003	3.738565e-005
3.000000000000000e-001	2.800693e-003	5.607533e-005
4.000000000000000e-001	3.757169e-003	7.476278e-005
5.000000000000000e-001	4.725832e-003	9.344794e-005
6.000000000000000e-001	5.707165e-003	1.121307e-004
7.000000000000000e-001	6.701680e-003	1.308110e-004
7.999999999999999e-001	7.709929e-003	1.494887e-004
8.999999999999999e-001	8.732500e-003	1.681636e-004
9.999999999999999e-001	9.770027e-003	1.868358e-004
1.100000000000000e+000	1.082319e-002	2.055050e-004
1.200000000000000e+000	1.189273e-002	2.241711e-004
1.300000000000000e+000	1.297942e-002	2.428340e-004
1.400000000000000e+000	1.408415e-002	2.614935e-004
1.500000000000000e+000	1.520783e-002	2.801494e-004
1.600000000000000e+000	1.635149e-002	2.988015e-004
1.700000000000000e+000	1.751623e-002	3.174497e-004
1.800000000000001e+000	1.870329e-002	3.360937e-004
1.900000000000001e+000	1.991399e-002	3.547331e-004
2.000000000000000e+000	2.114982e-002	3.733679e-004
2.100000000000001e+000	2.241243e-002	3.919976e-004
2.200000000000001e+000	2.370364e-002	4.106218e-004
2.300000000000001e+000	2.502551e-002	4.292403e-004
2.400000000000001e+000	2.638033e-002	4.478526e-004
2.500000000000001e+000	2.777073e-002	4.664582e-004
2.600000000000001e+000	2.919967e-002	4.850565e-004
2.700000000000001e+000	3.067057e-002	5.036469e-004
2.800000000000001e+000	3.218737e-002	5.222285e-004
2.900000000000001e+000	3.375470e-002	5.408007e-004
3.000000000000001e+000	3.537798e-002	5.593622e-004
3.100000000000001e+000	3.706371e-002	5.779120e-004
3.200000000000002e+000	3.881975e-002	5.964484e-004
3.300000000000002e+000	4.065572e-002	6.149698e-004
3.400000000000002e+000	4.258373e-002	6.334736e-004
3.500000000000002e+000	4.461924e-002	6.519571e-004
3.600000000000002e+000	4.678260e-002	6.704162e-004
3.700000000000002e+000	4.910152e-002	6.888456e-004
3.800000000000002e+000	5.161548e-002	7.072373e-004
3.900000000000002e+000	5.438403e-002	7.255793e-004
4.000000000000002e+000	5.750499e-002	7.438505e-004
4.100000000000001e+000	6.116074e-002	7.620071e-004
4.200000000000001e+000	6.577527e-002	7.799203e-004
4.300000000000001e+000	7.351626e-002	7.974090e-004
4.400000000000000e+000	1.582306e-001	8.003339e-004
4.500000000000000e+000	2.582306e-001	8.003339e-004
4.600000000000000e+000	3.582306e-001	8.003339e-004
4.699999999999999e+000	4.582306e-001	8.003339e-004
4.799999999999999e+000	5.582306e-001	8.003339e-004
4.899999999999999e+000	6.582306e-001	8.003339e-004
4.999999999999998e+000	7.582306e-001	8.003339e-004
5.099999999999998e+000	8.582306e-001	8.003339e-004
5.199999999999998e+000	9.582306e-001	8.003339e-004
5.299999999999997e+000	1.058231e+000	8.003339e-004
5.399999999999997e+000	1.158231e+000	8.003339e-004
5.499999999999996e+000	1.258231e+000	8.003339e-004
5.599999999999996e+000	1.358231e+000	8.003339e-004
5.699999999999996e+000	1.458231e+000	8.003339e-004
5.799999999999995e+000	1.558231e+000	8.003339e-004
5.899999999999995e+000	1.658231e+000	8.003339e-004
5.999999999999995e+000	1.758231e+000	8.003339e-004
6.099999999999994e+000	1.858231e+000	8.003339e-004
6.199999999999994e+000	1.958231e+000	8.003339e-004
6.299999999999994e+000	2.058231e+000	8.003339e-004
6.399999999999993e+000	2.158231e+000	8.003339e-004
6.499999999999993e+000	2.258231e+000	8.003339e-004
6.599999999999993e+000	2.358231e+000	8.003339e-004
6.699999999999992e+000	2.458230e+000	8.003339e-004
6.799999999999992e+000	2.558231e+000	8.003339e-004
6.899999999999992e+000	2.658231e+000	8.003339e-004
6.999999999999991e+000	2.758230e+000	8.003339e-004
7.099999999999991e+000	2.858231e+000	8.003339e-004
7.199999999999990e+000	2.958230e+000	8.003339e-004
7.299999999999990e+000	3.058231e+000	8.003339e-004
7.399999999999990e+000	3.158231e+000	8.003339e-004
7.499999999999989e+000	3.258230e+000	8.003339e-004
7.599999999999989e+000	3.358231e+000	8.003339e-004
7.699999999999989e+000	3.458230e+000	8.003339e-004
7.799999999999988e+000	3.558231e+000	8.003339e-004
7.899999999999988e+000	3.658231e+000	8.003339e-004
7.999999999999988e+000	3.758230e+000	8.003339e-004
8.099999999999987e+000	3.858231e+000	8.003339e-004
8.199999999999987e+000	3.958230e+000	8.003339e-004
8.299999999999987e+000	4.058230e+000	8.003339e-004
8.399999999999986e+000	4.158231e+000	8.003339e-004
8.499999999999986e+000	4.258231e+000	8.003339e-004
8.599999999999985e+000	4.358231e+000	8.003339e-004
8.699999999999985e+000	4.458230e+000	8.003339e-004
8.799999999999985e+000	4.558230e+000	8.003339e-004
8.899999999999984e+000	4.658231e+000	8.003339e-004
8.999999999999984e+000	4.758231e+000	8.003339e-004
9.099999999999984e+000	4.858231e+000	8.003339e-004
9.199999999999983e+000	4.958230e+000	8.003339e-004
9.299999999999983e+000	5.058230e+000	8.003339e-004
9.399999999999983e+000	5.158230e+000	8.003339e-004
9.499999999999982e+000	5.258231e+000	8.003339e-004
9.599999999999982e+000	5.358231e+000	8.003339e-004
9.699999999999982e+000	5.458230e+000	8.003339e-004
9.799999999999981e+000	5.558230e+000	8.003339e-004
9.899999999999981e+000	5.658230e+000	8.003339e-004
9.999999999999981e+000	5.758231e+000	8.003339e-004
1.009999999999998e+001	5.858231e+000	8.003339e-004
1.019999999999998e+001	5.958230e+000	8.003339e-004
1.029999999999998e+001	6.058230e+000	8.003339e-004
1.039999999999998e+001	6.158230e+000	8.003339e-004
1.049999999999998e+001	6.258231e+000	8.003339e-004
1.059999999999998e+001	6.358231e+000	8.003339e-004
1.069999999999998e+001	6.458230e+000	8.003339e-004
1.079999999999998e+001	6.558230e+000	8.003339e-004
1.089999999999998e+001	6.658230e+000	8.003339e-004
1.099999999999998e+001	6.758231e+000	8.003339e-004
1.109999999999998e+001	6.858231e+000	8.003339e-004
1.119999999999998e+001	6.958230e+000	8.003339e-004
1.129999999999998e+001	7.058230e+000	8.003339e-004
1.139999999999998e+001	7.158230e+000	8.003339e-004
1.149999999999998e+001	7.258231e+000	8.003339e-004
1.159999999999998e+001	7.358231e+000	8.003339e-004
1.169999999999997e+001	7.458230e+000	8.003339e-004
1.179999999999997e+001	7.558230e+000	8.003339e-004
1.189999999999997e+001	7.658230e+000	8.003339e-004
1.199999999999997e+001	7.758231e+000	8.003339e-004
1.209999999999997e+001	7.858231e+000	8.003339e-004
1.219999999999997e+001	7.958230e+000	8.003339e-004
1.229999999999997e+001	8.058230e+000	8.003339e-004
1.239999999999997e+001	8.158231e+000	8.003339e-004
1.249999999999997e+001	8.258230e+000	8.003339e-004
1.259999999999997e+001	8.358231e+000	8.003339e-004
1.269999999999997e+001	8.458231e+000	8.003339e-004
1.279999999999997e+001	8.558230e+000	8.003339e-004
1.289999999999997e+001	8.658231e+000	8.003339e-004
1.299999999999997e+001	8.758230e+000	8.003339e-004
1.309999999999997e+001	8.858231e+000	8.003339e-004
1.319999999999997e+001	8.958231e+000	8.003339e-004
1.329999999999997e+001	9.058230e+000	8.003339e-004
1.339999999999997e+001	9.158231e+000	8.003339e-004
1.349999999999997e+001	9.258230e+000	8.003339e-004
1.359999999999997e+001	9.358231e+000	8.003339e-004
1.369999999999997e+001	9.458230e+000	8.003339e-004
1.379999999999997e+001	9.558230e+000	8.003339e-004
1.389999999999997e+001	9.658231e+000	8.003339e-004
1.399999999999997e+001	9.758230e+000	8.003339e-004
1.409999999999997e+001	9.858231e+000	8.003339e-004
1.419999999999997e+001	9.958230e+000	8.003339e-004
1.429999999999997e+001	1.005823e+001	8.003339e-004
1.439999999999997e+001	1.015823e+001	8.003339e-004
1.449999999999996e+001	1.025823e+001	8.003339e-004
1.459999999999996e+001	1.035823e+001	8.003339e-004
1.469999999999996e+001	1.045823e+001	8.003339e-004
1.479999999999996e+001	1.055823e+001	8.003339e-004
1.489999999999996e+001	1.065823e+001	8.003339e-004
1.499999999999996e+001	1.075823e+001	8.003339e-004
1.509999999999996e+001	1.085823e+001	8.003339e-004
1.519999999999996e+001	1.095823e+001	8.003339e-004
1.529999999999996e+001	1.105823e+001	8.003339e-004
1.539999999999996e+001	1.115823e+001	8.003339e-004
1.549999999999996e+001	1.125823e+001	8.003339e-004
1.559999999999996e+001	1.135823e+001	8.003339e-004
1.569999999999996e+001	1.145823e+001	8.003339e-004
1.579999999999996e+001	1.155823e+001	8.003339e-004
1.589999999999996e+001	1.165823e+001	8.003339e-004
1.599999999999996e+001	1.175823e+001	8.003339e-004
1.609999999999996e+001	1.185823e+001	8.003339e-004
1.619999999999996e+001	1.195823e+001	8.003339e-004
1.629999999999996e+001	1.205823e+001	8.003339e-004
1.639999999999996e+001	1.215823e+001	8.003339e-004
1.649999999999996e+001	1.225823e+001	8.003339e-004
1.659999999999997e+001	1.235823e+001	8.003339e-004
1.669999999999997e+001	1.245823e+001	8.003339e-004
1.679999999999997e+001	1.255823e+001	8.003339e-004
1.689999999999997e+001	1.265823e+001	8.003339e-004
1.699999999999997e+001	1.275823e+001	8.003339e-004
1.709999999999997e+001	1.285823e+001	8.003339e-004
1.719999999999997e+001	1.295823e+001	8.003339e-004
1.729999999999998e+001	1.305823e+001	8.003339e-004
1.739999999999998e+001	1.315823e+001	8.003339e-004
1.749999999999998e+001	1.325823e+001	8.003339e-004
1.759999999999998e+001	1.335823e+001	8.003339e-004
1.769999999999998e+001	1.345823e+001	8.003339e-004
1.779999999999998e+001	1.355823e+001	8.003339e-004
1.789999999999998e+001	1.365823e+001	8.003339e-004
1.800000000000000e+001	1.375823e+001	8.003339e-004
0.000000000000000e+000	-2.543157e-022	2.965777e-030
1.000000000000000e-001	7.025848e-004	1.873536e-005
2.000000000000000e-001	1.409922e-003	3.746982e-005
3.000000000000000e-001	2.122109e-003	5.620337e-005
4.000000000000000e-001	2.839249e-003	7.493599e-005
5.000000000000000e-001	3.561447e-003	9.366765e-005
6.000000000000000e-001	4.288813e-003	1.123983e-004
7.000000000000000e-001	5.021460e-003	1.311280e-004
7.999999999999999e-001	5.759507e-003	1.498567e-004
8.999999999999999e-001	6.503074e-003	1.685843e-004
9.999999999999999e-001	7.252290e-003	1.873109e-004
1.100000000000000e+000	8.007285e-003	2.060364e-004
1.200000000000000e+000	8.768197e-003	2.247607e-004
1.300000000000000e+000	9.535169e-003	2.434839e-004
1.400000000000000e+000	1.030835e-002	2.622060e-004
1.500000000000000e+000	1.108789e-002	2.809268e-004
1.600000000000000e+000	1.187395e-002	2.996464e-004
1.700000000000000e+000	1.266671e-002	3.183648e-004
1.800000000000001e+000	1.346633e-002	3.370818e-004
1.900000000000001e+000	1.427300e-002	3.557975e-004
2.000000000000000e+000	1.508691e-002	3.745119e-004
2.100000000000001e+000	1.590826e-002	3.932249e-004
2.200000000000001e+000	1.673726e-002	4.119363e-004
2.300000000000001e+000	1.757413e-002	4.306464e-004
2.400000000000001e+000	1.841910e-002	4.493549e-004
2.500000000000001e+000	1.927241e-002	4.680618e-004
2.600000000000001e+000	2.013431e-002	4.867671e-004
2.700000000000001e+000	2.100508e-002	5.054707e-004
2.800000000000001e+000	2.188499e-002	5.241726e-004
2.900000000000001e+000	2.277433e-002	5.428728e-004
3.000000000000001e+000	2.367343e-002	5.615710e-004
3.100000000000001e+000	2.458261e-002	5.802674e-004
3.200000000000002e+000	2.550223e-002	5.989618e-004
3.300000000000002e+000	2.643264e-002	6.176542e-004
3.400000000000002e+000	2.737425e-002	6.363445e-004
3.500000000000002e+000	2.832747e-002	6.550325e-004
3.600000000000002e+000	2.929274e-002	6.737183e-004
3.700000000000002e+000	3.027053e-002	6.924018e-004
3.800000000000002e+000	3.126136e-002	7.110827e-004
3.900000000000002e+000	3.226576e-002	7.297611e-004
4.000000000000002e+000	3.328430e-002	7.484369e-004
4.100000000000001e+000	3.431761e-002	7.671099e-004
4.200000000000001e+000	3.536634e-002	7.857799e-004
4.300000000000001e+000	3.643122e-002	8.044469e-004
4.400000000000000e+000	3.751303e-002	8.231107e-004
4.500000000000000e+000	3.861259e-002	8.417712e-004
4.600000000000000e+000	3.973082e-002	8.604281e-004
4.699999999999999e+000	4.086871e-002	8.790813e-004
4.799999999999999e+000	4.202734e-002	8.977306e-004
4.899999999999999e+000	4.320788e-002	9.163758e-004
4.999999999999998e+000	4.441166e-002	9.350166e-004
5.099999999999998e+000	4.564009e-002	9.536527e-004
5.199999999999998e+000	4.689477e-002	9.722839e-004
5.299999999999997e+000	4.817746e-002	9.909098e-004
5.399999999999997e+000	4.949014e-002	1.009530e-003
5.499999999999996e+000	5.083502e-002	1.028144e-003
5.599999999999996e+000	5.221462e-002	1.046752e-003
5.699999999999996e+000	5.363178e-002	1.065352e-003
5.799999999999995e+000	5.508976e-002	1.083945e-003
5.899999999999995e+000	5.659232e-002	1.102529e-003
5.999999999999995e+000	5.814384e-002	1.121105e-003
6.099999999999994e+000	5.974947e-002	1.139670e-003
6.199999999999994e+000	6.141532e-002	1.158223e-003
6.299999999999994e+000	6.314874e-002	1.176764e-003
6.399999999999993e+000	6.495875e-002	1.195290e-003
6.499999999999993e+000	6.685651e-002	1.213800e-003
6.599999999999993e+000	6.885624e-002	1.232290e-003
6.699999999999992e+000	7.097644e-002	1.250757e-003
6.799999999999992e+000	7.324199e-002	1.269197e-003
6.899999999999992e+000	7.568776e-002	1.287602e-003
6.999999999999991e+000	7.836519e-002	1.305962e-003
7.099999999999991e+000	8.135608e-002	1.324259e-003
7.199999999999990e+000	8.480547e-002	1.342462e-003
7.299999999999990e+000	8.902106e-002	1.360484e-003
7.399999999999990e+000	9.509651e-002	1.378280e-003
7.499999999999989e+000	1.491065e-001	1.386961e-003
7.599999999999989e+000	2.491065e-001	1.386961e-003
7.699999999999989e+000	3.491065e-001	1.386961e-003
7.799999999999988e+000	4.491065e-001	1.386961e-003
7.899999999999988e+000	5.491065e-001	1.386961e-003
7.999999999999988e+000	6.491064e-001	1.386961e-003
8.099999999999987e+000	7.491065e-001	1.386961e-003
8.199999999999987e+000	8.491064e-001	1.386961e-003
8.299999999999987e+000	9.491065e-001	1.386961e-003
8.399999999999986e+000	1.049106e+000	1.386961e-003
8.499999999999986e+000	1.149107e+000	1.386961e-003
8.599999999999985e+000	1.249106e+000	1.386961e-003
8.699999999999985e+000	1.349106e+000	1.386961e-003
8.799999999999985e+000	1.449106e+000	1.386961e-003
8.899999999999984e+000	1.549106e+000	1.386961e-003
8.999999999999984e+000	1.649107e+000	1.386961e-003
9.099999999999984e+000	1.749106e+000	1.386961e-003
9.199999999999983e+000	1.849106e+000	1.386961e-003
9.299999999999983e+000	1.949106e+000	1.386961e-003
9.399999999999983e+000	2.049106e+000	1.386961e-003
9.499999999999982e+000	2.149107e+000	1.386961e-003
9.599999999999982e+000	2.249106e+000	1.386961e-003
9.699999999999982e+000	2.349107e+000	1.386961e-003
9.799999999999981e+000	2.449106e+000	1.386961e-003
9.899999999999981e+000	2.549106e+000	1.386961e-003
9.999999999999981e+000	2.649107e+000	1.386961e-003
1.009999999999998e+001	2.749106e+000	1.386961e-003
1.019999999999998e+001	2.849107e+000	1.386961e-003
1.029999999999998e+001	2.949106e+000	1.386961e-003
1.039999999999998e+001	3.049106e+000	1.386961e-003
1.049999999999998e+001	3.149107e+000	1.386961e-003
1.059999999999998e+001	3.249106e+000	1.386961e-003
1.069999999999998e+001	3.349106e+000	1.386961e-003
1.079999999999998e+001	3.449106e+000	1.386961e-003
1.089999999999998e+001	3.549106e+000	1.386961e-003
1.099999999999998e+001	3.649107e+000	1.386961e-003
1.109999999999998e+001	3.749106e+000	1.386961e-003
1.119999999999998e+001	3.849106e+000	1.386961e-003
1.129999999999998e+001	3.949106e+000	1.386961e-003
1.139999999999998e+001	4.049107e+000	1.386961e-003
1.149999999999998e+001	4.149107e+000	1.386961e-003
1.159999999999998e+001	4.249106e+000	1.386961e-003
1.169999999999997e+001	4.349106e+000	1.386961e-003
1.179999999999997e+001	4.449106e+000	1.386961e-003
1.189999999999997e+001	4.549107e+000	1.386961e-003
1.199999999999997e+001	4.649107e+000	1.386961e-003
1.209999999999997e+001	4.749106e+000	1.386961e-003
1.219999999999997e+001	4.849106e+000	1.386961e-003
1.229999999999997e+001	4.949106e+000	1.386961e-003
1.239999999999997e+001	5.049107e+000	1.386961e-003
1.249999999999997e+001	5.149107e+000	1.386961e-003
1.259999999999997e+001	5.249106e+000	1.386961e-003
1.269999999999997e+001	5.349106e+000	1.386961e-003
1.279999999999997e+001	5.449106e+000	1.386961e-003
1.289999999999997e+001	5.549107e+000	1.386961e-003
1.299999999999997e+001	5.649107e+000	1.386961e-003
1.309999999999997e+001	5.749106e+000	1.386961e-003
1.319999999999997e+001	5.849106e+000	1.386961e-003
1.329999999999997e+001	5.949106e+000	1.386961e-003
1.339999999999997e+001	6.049107e+000	1.386961e-003
1.349999999999997e+001	6.149107e+000	1.386961e-003
1.359999999999997e+001	6.249106e+000	1.386961e-003
1.369999999999997e+001	6.349106e+000	1.386961e-003
1.379999999999997e+001	6.449106e+000	1.386961e-003
1.389999999999997e+001	6.549107e+000	1.386961e-003
1.399999999999997e+001	6.649107e+000	1.386961e-003
1.409999999999997e+001	6.749106e+000	1.386961e-003
1.419999999999997e+001	6.849106e+000	1.386961e-003
1.429999999999997e+001	6.949106e+000	1.386961e-003
1.439999999999997e+001	7.049107e+000	1.386961e-003
1.449999999999996e+001	7.149107e+000	1.386961e-003
1.459999999999996e+001	7.249106e+000	1.386961e-003
1.469999999999996e+001	7.349106e+000	1.386961e-003
1.479999999999996e+001	7.449106e+000	1.386961e-003
1.489999999999996e+001	7.549107e+000	1.386961e-003
1.499999999999996e+001	7.649107e+000	1.386961e-003
1.509999999999996e+001	7.749106e+000	1.386961e-003
1.519999999999996e+001	7.849106e+000	1.386961e-003
1.529999999999996e+001	7.949106e+000	1.386961e-003
1.539999999999996e+001	8.049107e+000	1.386961e-003
1.549999999999996e+001	8.149106e+000	1.386961e-003
1.559999999999996e+001	8.249106e+000	1.386961e-003
1.569999999999996e+001	8.349107e+000	1.386961e-003
1.579999999999996e+001	8.449106e+000	1.386961e-003
1.589999999999996e+001	8.549107e+000	1.386961e-003
1.599999999999996e+001	8.649106e+000	1.386961e-003
1.609999999999996e+001	8.749106e+000	1.386961e-003
1.619999999999996e+001	8.849107e+000	1.386961e-003
1.629999999999996e+001	8.949106e+000	1.386961e-003
1.639999999999996e+001	9.049107e+000	1.386961e-003
1.649999999999996e+001	9.149106e+000	1.386961e-003
1.659999999999997e+001	9.249106e+000	1.386961e-003
1.669999999999997e+001	9.349107e+000	1.386961e-003
1.679999999999997e+001	9.449106e+000	1.386961e-003
1.689999999999997e+001	9.549107e+000	1.386961e-003
1.699999999999997e+001	9.649106e+000	1.386961e-003
1.709999999999997e+001	9.749106e+000	1.386961e-003
1.719999999999997e+001	9.849107e+000	1.386961e-003
1.729999999999998e+001	9.949106e+000	1.386961e-003
1.739999999999998e+001	1.004911e+001	1.386961e-003
1.749999999999998e+001	1.014911e+001	1.386961e-003
1.759999999999998e+001	1.024911e+001	1.386961e-003
1.769999999999998e+001	1.034911e+001	1.386961e-003
1.779999999999998e+001	1.044911e+001	1.386961e-003
1.789999999999998e+001	1.054911e+001	1.386961e-003
1.800000000000000e+001	1.064911e+001	1.386961e-003
0.000000000000000e+000	-2.532039e-023	-3.299724e-030
1.000000000000000e-001	5.882393e-004	1.875693e-005
2.000000000000000e-001	1.179245e-003	3.751335e-005
3.000000000000000e-001	1.773057e-003	5.626923e-005
4.000000000000000e-001	2.369716e-003	7.502458e-005
5.000000000000000e-001	2.969263e-003	9.377938e-005
6.000000000000000e-001	3.571742e-003	1.125336e-004
7.000000000000000e-001	4.177196e-003	1.312873e-004
7.999999999999999e-001	4.785670e-003	1.500404e-004
8.999999999999999e-001	5.397210e-003	1.687930e-004
9.999999999999999e-001	6.011864e-003	1.875449e-004
1.100000000000000e+000	6.629679e-003	2.062963e-004
1.200000000000000e+000	7.250706e-003	2.250470e-004
1.300000000000000e+000	7.874996e-003	2.437972e-004
1.400000000000000e+000	8.502602e-003	2.625467e-004
1.500000000000000e+000	9.133575e-003	2.812956e-004
1.600000000000000e+000	9.767973e-003	3.000438e-004
1.700000000000000e+000	1.040585e-002	3.187913e-004
1.800000000000001e+000	1.104727e-002	3.375383e-004
1.900000000000001e+000	1.169229e-002	3.562845e-004
2.000000000000000e+000	1.234097e-002	3.750300e-004
2.100000000000001e+000	1.299337e-002	3.937748e-004
2.200000000000001e+000	1.364957e-002	4.125189e-004
2.300000000000001e+000	1.430962e-002	4.312623e-004
2.400000000000001e+000	1.497361e-002	4.500050e-004
2.500000000000001e+000	1.564158e-002	4.687469e-004
2.600000000000001e+000	1.631364e-002	4.874880e-004
2.700000000000001e+000	1.698984e-002	5.062283e-004
2.800000000000001e+000	1.767027e-002	5.249679e-004
2.900000000000001e+000	1.835500e-002	5.437066e-004
3.000000000000001e+000	1.904413e-002	5.624445e-004
3.100000000000001e+000	1.973774e-002	5.811815e-004
3.200000000000002e+000	2.043591e-002	5.999177e-004
3.300000000000002e+000	2.113874e-002	6.186531e-004
3.400000000000002e+000	2.184633e-002	6.373875e-004
3.500000000000002e+000	2.255877e-002	6.561210e-004
3.600000000000002e+000	2.327616e-002	6.748536e-004
3.700000000000002e+000	2.399861e-002	6.935851e-004
3.800000000000002e+000	2.472624e-002	7.123158e-004
3.900000000000002e+000	2.545915e-002	7.310454e-004
4.000000000000002e+000	2.619746e-002	7.497740e-004
4.100000000000001e+000	2.694129e-002	7.685017e-004
4.200000000000001e+000	2.769077e-002	7.872282e-004
4.300000000000001e+000	2.844604e-002	8.059536e-004
4.400000000000000e+000	2.920722e-002	8.246779e-004
4.500000000000000e+000	2.997447e-002	8.434011e-004
4.600000000000000e+000	3.074792e-002	8.621230e-004
4.699999999999999e+000	3.152774e-002	8.808438e-004
4.799999999999999e+000	3.231408e-002	8.995634e-004
4.899999999999999e+000	3.310711e-002	9.182817e-004
4.999999999999998e+000	3.390701e-002	9.369987e-004
5.099999999999998e+000	3.471397e-002	9.557143e-004
5.199999999999998e+000	3.552816e-002	9.744287e-004
5.299999999999997e+000	3.634980e-002	9.931416e-004
5.399999999999997e+000	3.717908e-002	1.011853e-003
5.499999999999996e+000	3.801623e-002	1.030563e-003
5.599999999999996e+000	3.886149e-002	1.049271e-003
5.699999999999996e+000	3.971508e-002	1.067978e-003
5.799999999999995e+000	4.057727e-002	1.086683e-003
5.899999999999995e+000	4.144831e-002	1.105387e-003
5.999999999999995e+000	4.232850e-002	1.124089e-003
6.099999999999994e+000	4.321813e-002	1.142789e-003
6.199999999999994e+000	4.411751e-002	1.161487e-003
6.299999999999994e+000	4.502697e-002	1.180184e-003
6.399999999999993e+000	4.594685e-002	1.198878e-003
6.499999999999993e+000	4.687753e-002	1.217570e-003
6.599999999999993e+000	4.781940e-002	1.236261e-003
6.699999999999992e+000	4.877288e-002	1.254948e-003
6.799999999999992e+000	4.973840e-002	1.273634e-003
6.899999999999992e+000	5.071644e-002	1.292318e-003
6.999999999999991e+000	5.170751e-002	1.310999e-003
7.099999999999991e+000	5.271213e-002	1.329677e-003
7.199999999999990e+000	5.373088e-002	1.348353e-003
7.299999999999990e+000	5.476439e-002	1.367026e-003
7.399999999999990e+000	5.581332e-002	1.385696e-003
7.499999999999989e+000	5.687837e-002	1.404362e-003
7.599999999999989e+000	5.796033e-002	1.423026e-003
7.699999999999989e+000	5.906002e-002	1.441687e-003
7.799999999999988e+000	6.017836e-002	1.460344e-003
7.899999999999988e+000	6.131633e-002	1.478997e-003
7.999999999999988e+000	6.247501e-002	1.497646e-003
8.099999999999987e+000	6.365558e-002	1.516291e-003
8.199999999999987e+000	6.485932e-002	1.534932e-003
8.299999999999987e+000	6.608768e-002	1.553568e-003
8.399999999999986e+000	6.734224e-002	1.572200e-003
8.499999999999986e+000	6.862473e-002	1.590825e-003
8.599999999999985e+000	6.993715e-002	1.609446e-003
8.699999999999985e+000	7.128169e-002	1.628060e-003
8.799999999999985e+000	7.266085e-002	1.646668e-003
8.899999999999984e+000	7.407745e-002	1.665268e-003
8.999999999999984e+000	7.553474e-002	1.683861e-003
9.099999999999984e+000	7.703644e-002	1.702446e-003
9.199999999999983e+000	7.858691e-002	1.721021e-003
9.299999999999983e+000	8.019125e-002	1.739586e-003
9.399999999999983e+000	8.185551e-002	1.758140e-003
9.499999999999982e+000	8.358700e-002	1.776681e-003
9.599999999999982e+000	8.539459e-002	1.795208e-003
9.699999999999982e+000	8.728936e-002	1.813718e-003
9.799999999999981e+000	8.928532e-002	1.832209e-003
9.899999999999981e+000	9.140070e-002	1.850677e-003
9.999999999999981e+000	9.365997e-002	1.869118e-003
1.009999999999998e+001	9.609731e-002	1.887525e-003
1.019999999999998e+001	9.876298e-002	1.905887e-003
1.029999999999998e+001	1.017365e-001	1.924188e-003
1.039999999999998e+001	1.051577e-001	1.942397e-003
1.049999999999998e+001	1.093191e-001	1.960433e-003
1.059999999999998e+001	1.152160e-001	1.978259e-003
1.069999999999998e+001	1.637473e-001	1.987972e-003
1.079999999999998e+001	2.637473e-001	1.987972e-003
1.089999999999998e+001	3.637472e-001	1.987972e-003
1.099999999999998e+001	4.637472e-001	1.987972e-003
1.109999999999998e+001	5.637472e-001	1.987972e-003
1.119999999999998e+001	6.637473e-001	1.987972e-003
1.129999999999998e+001	7.637472e-001	1.987972e-003
1.139999999999998e+001	8.637472e-001	1.987972e-003
1.149999999999998e+001	9.637473e-001	1.987972e-003
1.159999999999998e+001	1.063747e+000	1.987972e-003
1.169999999999997e+001	1.163747e+000	1.987972e-003
1.179999999999997e+001	1.263747e+000	1.987972e-003
1.189999999999997e+001	1.363747e+000	1.987972e-003
1.199999999999997e+001	1.463747e+000	1.987972e-003
1.209999999999997e+001	1.563747e+000	1.987972e-003
1.219999999999997e+001	1.663747e+000	1.987972e-003
1.229999999999997e+001	1.763747e+000	1.987972e-003
1.239999999999997e+001	1.863747e+000	1.987972e-003
1.249999999999997e+001	1.963747e+000	1.987972e-003
1.259999999999997e+001	2.063747e+000	1.987972e-003
1.269999999999997e+001	2.163747e+000	1.987972e-003
1.279999999999997e+001	2.263747e+000	1.987972e-003
1.289999999999997e+001	2.363747e+000	1.987972e-003
1.299999999999997e+001	2.463747e+000	1.987972e-003
1.309999999999997e+001	2.563747e+000	1.987972e-003
1.319999999999997e+001	2.663747e+000	1.987972e-003
1.329999999999997e+001	2.763747e+000	1.987972e-003
1.339999999999997e+001	2.863747e+000	1.987972e-003
1.349999999999997e+001	2.963747e+000	1.987972e-003
1.359999999999997e+001	3.063747e+000	1.987972e-003
1.369999999999997e+001	3.163747e+000	1.987972e-003
1.379999999999997e+001	3.263747e+000	1.987972e-003
1.389999999999997e+001	3.363747e+000	1.987972e-003
1.399999999999997e+001	3.463747e+000	1.987972e-003
1.409999999999997e+001	3.563747e+000	1.987972e-003
1.419999999999997e+001	3.663747e+000	1.987972e-003
1.429999999999997e+001	3.763747e+000	1.987972e-003
1.439999999999997e+001	3.863747e+000	1.987972e-003
1.449999999999996e+001	3.963747e+000	1.987972e-003
1.459999999999996e+001	4.063747e+000	1.987972e-003
1.469999999999996e+001	4.163747e+000	1.987972e-003
1.479999999999996e+001	4.263747e+000	1.987972e-003
1.489999999999996e+001	4.363747e+000	1.987972e-003
1.499999999999996e+001	4.463747e+000	1.987972e-003
1.509999999999996e+001	4.563747e+000	1.987972e-003
1.519999999999996e+001	4.663747e+000	1.987972e-003
1.529999999999996e+001	4.763747e+000	1.987972e-003
1.539999999999996e+001	4.863747e+000	1.987972e-003
1.549999999999996e+001	4.963747e+000	1.987972e-003
1.559999999999996e+001	5.063747e+000	1.987972e-003
1.569999999999996e+001	5.163747e+000	1.987972e-003
1.579999999999996e+001	5.263747e+000	1.987972e-003
1.589999999999996e+001	5.363747e+000	1.987972e-003
1.599999999999996e+001	5.463747e+000	1.987972e-003
1.609999999999996e+001	5.563747e+000	1.987972e-003
1.619999999999996e+001	5.663747e+000	1.987972e-003
1.629999999999996e+001	5.763747e+000	1.987972e-003
1.639999999999996e+001	5.863747e+000	1.987972e-003
1.649999999999996e+001	5.963747e+000	1.987972e-003
1.659999999999997e+001	6.063747e+000	1.987972e-003
1.669999999999997e+001	6.163747e+000	1.987972e-003
1.679999999999997e+001	6.263747e+000	1.987972e-003
1.689999999999997e+001	6.363747e+000	1.987972e-003
1.699999999999997e+001	6.463747e+000	1.987972e-003
1.709999999999997e+001	6.563747e+000	1.987972e-003
1.719999999999997e+001	6.663747e+000	1.987972e-003
1.729999999999998e+001	6.763747e+000	1.987972e-003
1.739999999999998e+001	6.863747e+000	1.987972e-003
1.749999999999998e+001	6.963747e+000	1.987972e-003
1.759999999999998e+001	7.063747e+000	1.987972e-003
1.769999999999998e+001	7.163747e+000	1.987972e-003
1.779999999999998e+001	7.263747e+000	1.987972e-003
1.789999999999998e+001	7.363747e+000	1.987972e-003
1.800000000000000e+001	7.463747e+000	1.987972e-003
