freq    vd-db   vd-ph   id-db   id-ph
1.00000000000000e+001   -4.97381612383920e-003    -1.48276299889840e-004    -1.45101634231018e+002    2.58862423978114e-001
1.02329299228075e+001   -4.97381612521222e-003    -1.51730098598577e-004    -1.45101630053119e+002    2.64892019480012e-001
1.04712854805090e+001   -4.97381612664603e-003    -1.55264346613975e-004    -1.45101625647780e+002    2.71062055274687e-001
1.07151930523761e+001   -4.97381612814835e-003    -1.58880917841112e-004    -1.45101621066813e+002    2.77375804109327e-001
1.09647819614319e+001   -4.97381612972207e-003    -1.62581729833924e-004    -1.45101616269958e+002    2.83836612071953e-001
1.12201845430196e+001   -4.97381613137105e-003    -1.66368744811917e-004    -1.45101611247039e+002    2.90447904111156e-001
1.14815362149688e+001   -4.97381613309625e-003    -1.70243970700557e-004    -1.45101605987404e+002    2.97213184916570e-001
1.17489755493953e+001   -4.97381613490540e-003    -1.74209462195906e-004    -1.45101600449351e+002    3.04136039705660e-001
1.20226443461741e+001   -4.97381613679657e-003    -1.78267321854043e-004    -1.45101594682291e+002    3.11220140371598e-001
1.23026877081238e+001   -4.97381613877843e-003    -1.82419701205873e-004    -1.45101588643445e+002    3.18469241088060e-001
1.25892541179417e+001   -4.97381614085099e-003    -1.86668801897889e-004    -1.45101582320007e+002    3.25887184494675e-001
1.28824955169313e+001   -4.97381614302487e-003    -1.91016876859522e-004    -1.45101575668018e+002    3.33477901515615e-001
1.31825673855641e+001   -4.97381614529909e-003    -1.95466231497671e-004    -1.45101568734527e+002    3.41245418100987e-001
1.34896288259165e+001   -4.97381614768138e-003    -2.00019224919057e-004    -1.45101561474282e+002    3.49193850403541e-001
1.38038426460288e+001   -4.97381615017463e-003    -2.04678271181060e-004    -1.45101553871885e+002    3.57327411561979e-001
1.41253754462275e+001   -4.97381615278752e-003    -2.09445840571677e-004    -1.45101545880668e+002    3.65650411499994e-001
1.44543977074593e+001   -4.97381615552295e-003    -2.14324460919304e-004    -1.45101537544836e+002    3.74167264318789e-001
1.47910838816821e+001   -4.97381615838672e-003    -2.19316718933026e-004    -1.45101528816166e+002    3.82882483004691e-001
1.51356124843621e+001   -4.97381616138653e-003    -2.24425261574121e-004    -1.45101519645600e+002    3.91800685488803e-001
1.54881661891248e+001   -4.97381616452625e-003    -2.29652797459518e-004    -1.45101510074844e+002    4.00926601314545e-001
1.58489319246111e+001   -4.97381616781456e-003    -2.35002098297937e-004    -1.45101500053055e+002    4.10265065965719e-001
1.62181009735893e+001   -4.97381617125725e-003    -2.40476000359488e-004    -1.45101489528434e+002    4.19821027356385e-001
1.65958690743756e+001   -4.97381617486494e-003    -2.46077405979500e-004    -1.45101478539813e+002    4.29599552975157e-001
1.69824365246174e+001   -4.97381617863858e-003    -2.51809285097376e-004    -1.45101467002801e+002    4.39605822257619e-001
1.73780082874937e+001   -4.97381618259362e-003    -2.57674676831293e-004    -1.45101454954082e+002    4.49845141274497e-001
1.77827941003892e+001   -4.97381618673296e-003    -2.63676691089586e-004    -1.45101442307017e+002    4.60322933298675e-001
1.81970085860998e+001   -4.97381619106720e-003    -2.69818510219661e-004    -1.45101429095936e+002    4.71044754190035e-001
1.86208713666287e+001   -4.97381619560599e-003    -2.76103390695316e-004    -1.45101415231736e+002    4.82016282521039e-001
1.90546071796325e+001   -4.97381620035899e-003    -2.82534664843369e-004    -1.45101400746167e+002    4.93243335672204e-001
1.94984459975804e+001   -4.97381620533584e-003    -2.89115742610501e-004    -1.45101385547422e+002    5.04731859490349e-001
1.99526231496888e+001   -4.97381621054812e-003    -2.95850113371253e-004    -1.45101369664423e+002    5.16487945155999e-001
2.04173794466953e+001   -4.97381621600355e-003    -3.02741347778143e-004    -1.45101353002399e+002    5.28517818348613e-001
2.08929613085404e+001   -4.97381622171853e-003    -3.09793099654869e-004    -1.45101335556626e+002    5.40827854994335e-001
2.13796208950223e+001   -4.97381622770175e-003    -3.17009107933615e-004    -1.45101317320718e+002    5.53424579428175e-001
2.18776162394955e+001   -4.97381623396865e-003    -3.24393198637485e-004    -1.45101298194917e+002    5.66314661884132e-001
2.23872113856834e+001   -4.97381624052983e-003    -3.31949286909110e-004    -1.45101278169273e+002    5.79504933523851e-001
2.29086765276777e+001   -4.97381624739978e-003    -3.39681379086507e-004    -1.45101257231932e+002    5.93002384497313e-001
2.34422881531992e+001   -4.97381625459296e-003    -3.47593574827293e-004    -1.45101235277410e+002    6.06814161209946e-001
2.39883291901949e+001   -4.97381626212577e-003    -3.55690069282379e-004    -1.45101212289761e+002    6.20947582456505e-001
2.45470891568503e+001   -4.97381627001463e-003    -3.63975155320294e-004    -1.45101188220308e+002    6.35410135078137e-001
2.51188643150958e+001   -4.97381627827304e-003    -3.72453225803320e-004    -1.45101163018078e+002    6.50209479935696e-001
2.57039578276886e+001   -4.97381628692415e-003    -3.81128775916646e-004    -1.45101136629701e+002    6.65353455931718e-001
2.63026799189538e+001   -4.97381629597858e-003    -3.90006405551774e-004    -1.45101108999288e+002    6.80850084131033e-001
2.69153480392691e+001   -4.97381630546335e-003    -3.99090821745446e-004    -1.45101080068322e+002    6.96707571970576e-001
2.75422870333816e+001   -4.97381631539486e-003    -4.08386841175371e-004    -1.45101049775528e+002    7.12934317581251e-001
2.81838293126445e+001   -4.97381632579144e-003    -4.17899392714097e-004    -1.45101018056744e+002    7.29538914173962e-001
2.88403150312660e+001   -4.97381633668107e-003    -4.27633520042361e-004    -1.45100984814247e+002    7.46530151933622e-001
2.95120922666638e+001   -4.97381634808209e-003    -4.37594384323316e-004    -1.45100950038771e+002    7.63917033070414e-001
3.01995172040201e+001   -4.97381636002152e-003    -4.47787266939050e-004    -1.45100913626115e+002    7.81708760949520e-001
3.09029543251359e+001   -4.97381637252250e-003    -4.58217572290842e-004    -1.45100875468610e+002    7.99914752436507e-001
3.16227766016838e+001   -4.97381638561302e-003    -4.68890830664647e-004    -1.45100835546575e+002    8.18544651429378e-001
3.23593656929628e+001   -4.97381639932011e-003    -4.79812701163331e-004    -1.45100793714365e+002    8.37608314290307e-001
3.31131121482591e+001   -4.97381641367559e-003    -4.90988974707195e-004    -1.45100749944514e+002    8.57115837745807e-001
3.38844156139202e+001   -4.97381642870649e-003    -5.02425577104405e-004    -1.45100704083226e+002    8.77077540879365e-001
3.46736850452531e+001   -4.97381644444271e-003    -5.14128572192931e-004    -1.45100656063960e+002    8.97503991194199e-001
3.54813389233575e+001   -4.97381646092286e-003    -5.26104165055670e-004    -1.45100605785063e+002    9.18405998278378e-001
3.63078054770101e+001   -4.97381647818070e-003    -5.38358705310471e-004    -1.45100553140097e+002    9.39794622378932e-001
3.71535229097172e+001   -4.97381649625097e-003    -5.50898690476781e-004    -1.45100498017613e+002    9.61681180158004e-001
3.80189396320561e+001   -4.97381651517323e-003    -5.63730769420715e-004    -1.45100440300914e+002    9.84077250594187e-001
3.89045144994280e+001   -4.97381653498607e-003    -5.76861745880378e-004    -1.45100379867812e+002    1.00699468097313e+000
3.98107170553497e+001   -4.97381655573484e-003    -5.90298582073292e-004    -1.45100316559828e+002    1.03044558944819e+000
4.07380277804112e+001   -4.97381657745911e-003    -6.04048402387858e-004    -1.45100250304073e+002    1.05444238570773e+000
4.16869383470335e+001   -4.97381660021002e-003    -6.18118497160801e-004    -1.45100180899207e+002    1.07899775213272e+000
4.26579518801592e+001   -4.97381662403097e-003    -6.32516326542603e-004    -1.45100108228896e+002    1.10412467581868e+000
4.36515832240165e+001   -4.97381664897601e-003    -6.47249524452971e-004    -1.45100032169894e+002    1.12983644466386e+000
4.46683592150962e+001   -4.97381667509434e-003    -6.62325902628449e-004    -1.45099952500113e+002    1.15614664207789e+000
4.57088189614874e+001   -4.97381670244482e-003    -6.77753454764294e-004    -1.45099869050961e+002    1.18306917337842e+000
4.67735141287197e+001   -4.97381673108535e-003    -6.93540360752848e-004    -1.45099781706979e+002    1.21061827387517e+000
4.78630092322638e+001   -4.97381676107382e-003    -7.09694991020622e-004    -1.45099690252802e+002    1.23880849540734e+000
4.89778819368445e+001   -4.97381679247583e-003    -7.26225910966405e-004    -1.45099594464371e+002    1.26765472570743e+000
5.01187233627271e+001   -4.97381682535893e-003    -7.43141885502753e-004    -1.45099494169590e+002    1.29717220513563e+000
5.12861383991364e+001   -4.97381685979164e-003    -7.60451883703264e-004    -1.45099389186830e+002    1.32737652619346e+000
5.24807460249772e+001   -4.97381689584630e-003    -7.78165083558096e-004    -1.45099279202363e+002    1.35828362239784e+000
5.37031796370252e+001   -4.97381693360205e-003    -7.96290876840260e-004    -1.45099164075195e+002    1.38990982309315e+000
5.49540873857624e+001   -4.97381697313511e-003    -8.14838874085262e-004    -1.45099043531276e+002    1.42227181509303e+000
5.62341325190348e+001   -4.97381701453135e-003    -8.33818909686739e-004    -1.45098917285112e+002    1.45538666936904e+000
5.75439937337156e+001   -4.97381705787954e-003    -8.53241047110780e-004    -1.45098785100275e+002    1.48927186017436e+000
5.88843655355588e+001   -4.97381710326941e-003    -8.73115584231712e-004    -1.45098646697265e+002    1.52394525899286e+000
6.02559586074357e+001   -4.97381715080036e-003    -8.93453058792169e-004    -1.45098501752917e+002    1.55942514295492e+000
6.16595001861481e+001   -4.97381720056886e-003    -9.14264253990338e-004    -1.45098350021891e+002    1.59573022588741e+000
6.30957344480192e+001   -4.97381725268491e-003    -9.35560204197362e-004    -1.45098191122354e+002    1.63287962940392e+000
6.45654229034654e+001   -4.97381730725562e-003    -9.57352200807903e-004    -1.45098024718454e+002    1.67089292517724e+000
6.60693448007595e+001   -4.97381736439967e-003    -9.79651798226987e-004    -1.45097850519600e+002    1.70979014599788e+000
6.76082975391980e+001   -4.97381742423765e-003    -1.00247081999631e-003    -1.45097668096608e+002    1.74959176027119e+000
6.91830970918935e+001   -4.97381748689212e-003    -1.02582136506323e-003    -1.45097477094565e+002    1.79031872340822e+000
7.07945784384136e+001   -4.97381755250202e-003    -1.04971581419580e-003    -1.45097277079427e+002    1.83199245819329e+000
7.24435960074988e+001   -4.97381762120533e-003    -1.07416683654718e-003    -1.45097067659244e+002    1.87463489020510e+000
7.41310241300916e+001   -4.97381769314387e-003    -1.09918739637305e-003    -1.45096848391719e+002    1.91826843991612e+000
7.58577575029182e+001   -4.97381776847301e-003    -1.12479075990536e-003    -1.45096618813801e+002    1.96291603977938e+000
7.76247116628690e+001   -4.97381784735290e-003    -1.15099050238634e-003    -1.45096378410210e+002    2.00860113841735e+000
7.94328234724279e+001   -4.97381792995047e-003    -1.17780051526617e-003    -1.45096126673442e+002    2.05534772563141e+000
8.12830516164097e+001   -4.97381801644037e-003    -1.20523501356854e-003    -1.45095863102701e+002    2.10318034483160e+000
8.31763771102669e+001   -4.97381810700688e-003    -1.23330854342751e-003    -1.45095587141773e+002    2.15212409056383e+000
8.51138038202374e+001   -4.97381820184203e-003    -1.26203598980017e-003    -1.45095298177873e+002    2.20220461975007e+000
8.70963589956078e+001   -4.97381830114649e-003    -1.29143258435878e-003    -1.45094995631942e+002    2.25344818680146e+000
8.91250938133743e+001   -4.97381840512966e-003    -1.32151391356681e-003    -1.45094678835361e+002    2.30588162542410e+000
9.12010839355907e+001   -4.97381851401539e-003    -1.35229592694313e-003    -1.45094347120135e+002    2.35953238438382e+000
9.33254300796988e+001   -4.97381862803138e-003    -1.38379494551860e-003    -1.45093999817487e+002    2.41442854127249e+000
9.54992586021433e+001   -4.97381874741982e-003    -1.41602767048974e-003    -1.45093636195416e+002    2.47059879926232e+000
9.77237220955808e+001   -4.97381887243737e-003    -1.44901119207389e-003    -1.45093255426696e+002    2.52807249056862e+000
9.99999999999997e+001   -4.97381900334454e-003    -1.48276299857069e-003    -1.45092856770228e+002    2.58687964240366e+000
1.02329299228075e+002   -4.97381914042116e-003    -1.51730098563462e-003    -1.45092439386426e+002    2.64705093907279e+000
1.04712854805090e+002   -4.97381928395958e-003    -1.55264346576349e-003    -1.45092002335510e+002    2.70861773382295e+000
1.07151930523760e+002   -4.97381943426277e-003    -1.58880917800795e-003    -1.45091544758570e+002    2.77161211915810e+000
1.09647819614318e+002   -4.97381959164818e-003    -1.62581729790724e-003    -1.45091065662302e+002    2.83606687586300e+000
1.12201845430196e+002   -4.97381975645255e-003    -1.66368744765627e-003    -1.45090564038942e+002    2.90201552493560e+000
1.14815362149688e+002   -4.97381992902324e-003    -1.70243970650956e-003    -1.45090038833708e+002    2.96949233293883e+000
1.17489755493953e+002   -4.97382010972593e-003    -1.74209462142758e-003    -1.45089488973092e+002    3.03853233759807e+000
1.20226443461741e+002   -4.97382029894562e-003    -1.78267321797094e-003    -1.45088913240744e+002    3.10917132038666e+000
1.23026877081238e+002   -4.97382049708369e-003    -1.82419701144850e-003    -1.45088310488334e+002    3.18144589614058e+000
1.25892541179416e+002   -4.97382070455891e-003    -1.86668801832502e-003    -1.45087679389400e+002    3.25539344215764e+000
1.28824955169313e+002   -4.97382092181221e-003    -1.91016876789459e-003    -1.45087018649959e+002    3.33105219028801e+000
1.31825673855640e+002   -4.97382114930386e-003    -1.95466231422597e-003    -1.45086326883979e+002    3.40846119870065e+000
1.34896288259165e+002   -4.97382138751822e-003    -2.00019224838614e-003    -1.45085602641011e+002    3.48766037850064e+000
1.38038426460288e+002   -4.97382163695895e-003    -2.04678271094864e-003    -1.45084844372813e+002    3.56869049718705e+000
1.41253754462275e+002   -4.97382189815385e-003    -2.09445840479316e-003    -1.45084050521566e+002    3.65159323143175e+000
1.44543977074592e+002   -4.97382217165965e-003    -2.14324460820338e-003    -1.45083219425349e+002    3.73641114680418e+000
1.47910838816820e+002   -4.97382245805528e-003    -2.19316718826981e-003    -1.45082349314813e+002    3.82318771234384e+000
1.51356124843620e+002   -4.97382275794862e-003    -2.24425261460493e-003    -1.45081438400919e+002    3.91196735625524e+000
1.54881661891248e+002   -4.97382307197551e-003    -2.29652797337763e-003    -1.45080484749622e+002    4.00279542905324e+000
1.58489319246111e+002   -4.97382340080270e-003    -2.35002098167474e-003    -1.45079486369300e+002    4.09571825948462e+000
1.62181009735892e+002   -4.97382374512586e-003    -2.40476000219695e-003    -1.45078441206728e+002    4.19078317226794e+000
1.65958690743755e+002   -4.97382410567636e-003    -2.46077405829709e-003    -1.45077347082136e+002    4.28803847563313e+000
1.69824365246174e+002   -4.97382448321937e-003    -2.51809284936872e-003    -1.45076201654545e+002    4.38753346027890e+000
1.73780082874937e+002   -4.97382487855668e-003    -2.57674676659310e-003    -1.45075002538765e+002    4.48931847436884e+000
1.77827941003892e+002   -4.97382529252390e-003    -2.63676690905303e-003    -1.45073747300602e+002    4.59344494270989e+000
1.81970085860998e+002   -4.97382572600099e-003    -2.69818510022198e-003    -1.45072433269805e+002    4.69996528693979e+000
1.86208713666286e+002   -4.97382617990844e-003    -2.76103390483731e-003    -1.45071057777785e+002    4.80893306800640e+000
1.90546071796324e+002   -4.97382665520632e-003    -2.82534664616651e-003    -1.45069617879189e+002    4.92040285353321e+000
1.94984459975804e+002   -4.97382715290581e-003    -2.89115742367568e-003    -1.45068110649710e+002    5.03443039863914e+000
1.99526231496887e+002   -4.97382767406056e-003    -2.95850113110947e-003    -1.45066532967937e+002    5.15107254377331e+000
2.04173794466952e+002   -4.97382821977537e-003    -3.02741347499220e-003    -1.45064881509433e+002    5.27038722425370e+000
2.08929613085403e+002   -4.97382879120904e-003    -3.09793099355997e-003    -1.45063152922245e+002    5.39243359227759e+000
2.13796208950222e+002   -4.97382938957541e-003    -3.17009107613368e-003    -1.45061343578020e+002    5.51727188342812e+000
2.18776162394954e+002   -4.97383001614232e-003    -3.24393198294335e-003    -1.45059449807483e+002    5.64496357768765e+000
2.23872113856833e+002   -4.97383067223745e-003    -3.31949286541418e-003    -1.45057467651206e+002    5.77557125786154e+000
2.29086765276776e+002   -4.97383135925312e-003    -3.39681378692517e-003    -1.45055393033894e+002    5.90915873447348e+000
2.34422881531991e+002   -4.97383207864629e-003    -3.47593574405125e-003    -1.45053221726404e+002    6.04579103853678e+000
2.39883291901948e+002   -4.97383283194341e-003    -3.55690068830018e-003    -1.45050949247175e+002    6.18553436738272e+000
2.45470891568502e+002   -4.97383362074232e-003    -3.63975154835581e-003    -1.45048570944686e+002    6.32845615313421e+000
2.51188643150957e+002   -4.97383444671613e-003    -3.72453225283940e-003    -1.45046081928529e+002    6.47462502601490e+000
2.57039578276885e+002   -4.97383531161897e-003    -3.81128775360120e-003    -1.45043477151061e+002    6.62411088542759e+000
2.63026799189537e+002   -4.97383621728123e-003    -3.90006404955447e-003    -1.45040751307680e+002    6.77698483740231e+000
2.69153480392690e+002   -4.97383716562688e-003    -3.99090821106469e-003    -1.45037898797304e+002    6.93331916939662e+000
2.75422870333816e+002   -4.97383815866576e-003    -4.08386840490696e-003    -1.45034913893198e+002    7.09318749270241e+000
2.81838293126444e+002   -4.97383919850711e-003    -4.17899391980454e-003    -1.45031790491895e+002    7.25666454922120e+000
2.88403150312659e+002   -4.97384028735277e-003    -4.27633519256249e-003    -1.45028522313323e+002    7.42382637689200e+000
2.95120922666637e+002   -4.97384142751557e-003    -4.37594383480982e-003    -1.45025102739496e+002    7.59475017982075e+000
3.01995172040200e+002   -4.97384262141156e-003    -4.47787266036473e-003    -1.45021524863448e+002    7.76951436759036e+000
3.09029543251358e+002   -4.97384387157452e-003    -4.58217571323713e-003    -1.45017781537530e+002    7.94819859916153e+000
3.16227766016837e+002   -4.97384518065690e-003    -4.68890829628350e-003    -1.45013865241393e+002    8.13088366187353e+000
3.23593656929627e+002   -4.97384655143273e-003    -4.79812700052917e-003    -1.45009768189509e+002    8.31765156365731e+000
3.31131121482590e+002   -4.97384798681016e-003    -4.90988973517366e-003    -1.45005482138865e+002    8.50858534211035e+000
3.38844156139201e+002   -4.97384948983725e-003    -5.02425575829481e-003    -1.45000998674907e+002    8.70376932939280e+000
3.46736850452530e+002   -4.97385106369809e-003    -5.14128570826824e-003    -1.44996308839349e+002    8.90328877478583e+000
3.54813389233574e+002   -4.97385271173407e-003    -5.26104163591861e-003    -1.44991403385300e+002    9.10723007703579e+000
3.63078054770100e+002   -4.97385443743902e-003    -5.38358703741972e-003    -1.44986272703076e+002    9.31568069450583e+000
3.71535229097171e+002   -4.97385624447466e-003    -5.50898688796103e-003    -1.44980906716319e+002    9.52872901032726e+000
3.80189396320559e+002   -4.97385813667252e-003    -5.63730767619837e-003    -1.44975294926788e+002    9.74646434811000e+000
3.89045144994279e+002   -4.97386011804747e-003    -5.76861743950703e-003    -1.44969426399134e+002    9.96897692233831e+000
3.98107170553495e+002   -4.97386219279963e-003    -5.90298580005608e-003    -1.44963289804547e+002    1.01963578534630e+001
4.07380277804111e+002   -4.97386436533368e-003    -6.04048400172294e-003    -1.44956873256748e+002    1.04286989358343e+001
4.16869383470333e+002   -4.97386664025788e-003    -6.18118494786782e-003    -1.44950164473533e+002    1.06660927796097e+001
4.26579518801591e+002   -4.97386902239375e-003    -6.32516323998795e-003    -1.44943150612462e+002    1.09086325623309e+001
4.36515832240164e+002   -4.97387151679724e-003    -6.47249521727232e-003    -1.44935818313540e+002    1.11564120183110e+001
4.46683592150961e+002   -4.97387412875686e-003    -6.62325899707767e-003    -1.44928153711805e+002    1.14095253912079e+001
4.57088189614873e+002   -4.97387686381489e-003    -6.77753451634727e-003    -1.44920142332256e+002    1.16680672244825e+001
4.67735141287196e+002   -4.97387972777219e-003    -6.93540357399457e-003    -1.44911769190327e+002    1.19321324147818e+001
4.78630092322636e+002   -4.97388272670363e-003    -7.09694987427399e-003    -1.44903018715878e+002    1.22018160272886e+001
4.89778819368444e+002   -4.97388586697067e-003    -7.26225907116197e-003    -1.44893874736081e+002    1.24772131778439e+001
5.01187233627270e+002   -4.97388915523484e-003    -7.43141881377182e-003    -1.44884320371178e+002    1.27584187758278e+001
5.12861383991362e+002   -4.97389259846836e-003    -7.60451879282635e-003    -1.44874338192458e+002    1.30455276404147e+001
5.24807460249770e+002   -4.97389620397827e-003    -7.78165078821306e-003    -1.44863910117758e+002    1.33386342327062e+001
5.37031796370250e+002   -4.97389997941028e-003    -7.96290871764698e-003    -1.44853017337268e+002    1.36378324074671e+001
5.49540873857622e+002   -4.97390393276999e-003    -8.14838868646700e-003    -1.44841640441957e+002    1.39432154735804e+001
5.62341325190346e+002   -4.97390809230329e-003    -8.33818903857309e-003    -1.44829759119794e+002    1.42548755507886e+001
5.75439937337154e+002   -4.97391242707711e-003    -8.53241040864525e-003    -1.44817352686985e+002    1.45729042805701e+001
5.88843655355586e+002   -4.97391696614590e-003    -8.73115577538824e-003    -1.44804399412417e+002    1.48973915341881e+001
6.02559586074355e+002   -4.97392171913242e-003    -8.93453051620706e-003    -1.44790876963507e+002    1.52284259656147e+001
6.16595001861479e+002   -4.97392669611965e-003    -9.14264246306076e-003    -1.44776762192749e+002    1.55660944492794e+001
6.30957344480190e+002   -4.97393190766629e-003    -9.35560195963628e-003    -1.44762031239748e+002    1.59104820486723e+001
6.45654229034652e+002   -4.97393736482405e-003    -9.57352191985400e-003    -1.44746659350649e+002    1.62616714553240e+001
6.60693448007592e+002   -4.97394307917054e-003    -9.79651788773611e-003    -1.44730621151213e+002    1.66197432619083e+001
6.76082975391978e+002   -4.97394906282657e-003    -1.00247080986694e-002    -1.44713890356364e+002    1.69847751604153e+001
6.91830970918933e+002   -4.97395532848226e-003    -1.02582135420953e-002    -1.44696439821634e+002    1.73568417528439e+001
7.07945784384134e+002   -4.97396188942977e-003    -1.04971580256596e-002    -1.44678241761495e+002    1.77360147135634e+001
7.24435960074986e+002   -4.97396875958558e-003    -1.07416682408570e-002    -1.44659267384670e+002    1.81223617405869e+001
7.41310241300914e+002   -4.97397595352034e-003    -1.09918738302045e-002    -1.44639487227539e+002    1.85159469273688e+001
7.58577575029180e+002   -4.97398348649651e-003    -1.12479074559792e-002    -1.44618870989050e+002    1.89168300898215e+001
7.76247116628688e+002   -4.97399137449059e-003    -1.15099048705576e-002    -1.44597387508665e+002    1.93250663578662e+001
7.94328234724277e+002   -4.97399963423550e-003    -1.17780049883929e-002    -1.44575004910311e+002    1.97407061343224e+001
8.12830516164095e+002   -4.97400828324770e-003    -1.20523499596694e-002    -1.44551690395262e+002    2.01637942301282e+001
8.31763771102666e+002   -4.97401733987628e-003    -1.23330852456720e-002    -1.44527410526864e+002    2.05943701313495e+001
8.51138038202372e+002   -4.97402682333203e-003    -1.26203596959112e-002    -1.44502131030777e+002    2.10324671119862e+001
8.70963589956076e+002   -4.97403675372785e-003    -1.29143256270452e-002    -1.44475816897039e+002    2.14781120404936e+001
8.91250938133741e+002   -4.97404715212997e-003    -1.32151389036401e-002    -1.44448432483165e+002    2.19313252018270e+001
9.12010839355905e+002   -4.97405804059266e-003    -1.35229590208102e-002    -1.44419941356994e+002    2.23921194276070e+001
9.33254300796986e+002   -4.97406944221224e-003    -1.38379491887852e-002    -1.44390306462132e+002    2.28605000404195e+001
9.54992586021431e+002   -4.97408138117246e-003    -1.41602764194453e-002    -1.44359490102285e+002    2.33364643203297e+001
9.77237220955805e+002   -4.97409392250912e-003    -1.44901116148068e-002    -1.44327454060087e+002    2.38200013311682e+001
9.99999999999994e+002   -4.97410701331883e-003    -1.48276296578996e-002    -1.44294159640993e+002    2.43110915454881e+001
1.02329299228075e+003   -4.97412072108143e-003    -1.51730095050992e-002    -1.44259567520496e+002    2.48097058603933e+001
1.04712854805089e+003   -4.97413507486972e-003    -1.55264342812720e-002    -1.44223638055144e+002    2.53158059698704e+001
1.07151930523760e+003   -4.97415010513144e-003    -1.58880913768045e-002    -1.44186331165499e+002    2.58293434744143e+001
1.09647819614318e+003   -4.97416584375010e-003    -1.62581725469607e-002    -1.44147606527304e+002    2.63502599171004e+001
1.12201845430196e+003   -4.97418232410281e-003    -1.66368740135520e-002    -1.44107423566651e+002    2.68784862214113e+001
1.14815362149688e+003   -4.97419958115298e-003    -1.70243965689763e-002    -1.44065741560295e+002    2.74139424583704e+001
1.17489755493952e+003   -4.97421765150139e-003    -1.74209456826800e-002    -1.44022519715668e+002    2.79565375595923e+001
1.20226443461741e+003   -4.97423657348080e-003    -1.78267316101000e-002    -1.43977717279254e+002    2.85061691401691e+001
1.23026877081237e+003   -4.97425638722443e-003    -1.82419695041435e-002    -1.43931293507830e+002    2.90627228459368e+001
1.25892541179416e+003   -4.97427713476148e-003    -1.86668795292635e-002    -1.43883207928781e+002    2.96260727384557e+001
1.28824955169313e+003   -4.97429886010014e-003    -1.91016869781927e-002    -1.43833420365531e+002    3.01960808848744e+001
1.31825673855640e+003   -4.97432160932114e-003    -1.95466223913954e-002    -1.43781890993878e+002    3.07725970557768e+001
1.34896288259165e+003   -4.97434543068103e-003    -2.00019216793024e-002    -1.43728580494045e+002    3.13554588116229e+001
1.38038426460288e+003   -4.97437037470383e-003    -2.04678262473924e-002    -1.43673450158590e+002    3.19444914639347e+001
1.41253754462275e+003   -4.97439649430549e-003    -2.09445831241880e-002    -1.43616462046109e+002    3.25395082670647e+001
1.44543977074592e+003   -4.97442384488459e-003    -2.14324450922316e-002    -1.43557578962106e+002    3.31403099320554e+001
1.47910838816820e+003   -4.97445250430985e-003    -2.19316708220630e-002    -1.43496764662962e+002    3.37466850911111e+001
1.51356124843620e+003   -4.97448249362339e-003    -2.24425250095680e-002    -1.43433984053646e+002    3.43584108374138e+001
1.54881661891247e+003   -4.97451389628927e-003    -2.29652785160245e-002    -1.43369203132083e+002    3.49752522027746e+001
1.58489319246110e+003   -4.97454677891700e-003    -2.35002085119130e-002    -1.43302389169767e+002    3.55969627024665e+001
1.62181009735892e+003   -4.97458121125490e-003    -2.40475986238246e-002    -1.43233510885536e+002    3.62232849521073e+001
1.65958690743755e+003   -4.97461726633859e-003    -2.46077390848423e-002    -1.43162538474670e+002    3.68539506767416e+001
1.69824365246173e+003   -4.97465506035315e-003    -2.51809268883092e-002    -1.43089443758239e+002    3.74886813437963e+001
1.73780082874936e+003   -4.97469459396533e-003    -2.57674659457541e-002    -1.43014200343667e+002    3.81271889592941e+001
1.77827941003891e+003   -4.97473599074058e-003    -2.63676672473447e-002    -1.42936783515315e+002    3.87691755480718e+001
1.81970085860997e+003   -4.97477933848299e-003    -2.69818490272283e-002    -1.42857170615490e+002    3.94143352255594e+001
1.86208713666286e+003   -4.97482472914083e-003    -2.76103369321494e-002    -1.42775340924495e+002    4.00623537812211e+001
1.90546071796323e+003   -4.97487225899468e-003    -2.82534641941089e-002    -1.42691275801848e+002    4.07129096747678e+001
1.94984459975803e+003   -4.97492202886295e-003    -2.89115718070452e-002    -1.42604958796950e+002    4.13656749846196e+001
1.99526231496887e+003   -4.97497414431125e-003    -2.95850087076309e-002    -1.42516375680252e+002    4.20203159994071e+001
2.04173794466952e+003   -4.97502873573738e-003    -3.02741319602107e-002    -1.42425514470080e+002    4.26764938412761e+001
2.08929613085403e+003   -4.97508587918840e-003    -3.09793069463936e-002    -1.42332365632213e+002    4.33338662253315e+001
2.13796208950222e+003   -4.97514571572401e-003    -3.17009075583687e-002    -1.42236921919413e+002    4.39920871380261e+001
2.18776162394954e+003   -4.97520837227135e-003    -3.24393163974158e-002    -1.42139178488912e+002    4.46508082394975e+001
2.23872113856832e+003   -4.97527398172821e-003    -3.31949249766937e-002    -1.42039132954081e+002    4.53096799823764e+001
2.29086765276776e+003   -4.97534268326317e-003    -3.39681339288207e-002    -1.41936785377226e+002    4.59683524381762e+001
2.34422881531991e+003   -4.97541466230790e-003    -3.47593532181320e-002    -1.41832138211176e+002    4.66264758227604e+001
2.39883291901947e+003   -4.97548999203995e-003    -3.55690023586741e-002    -1.41725196435177e+002    4.72837024297660e+001
2.45470891568501e+003   -4.97556889180463e-003    -3.63975106356058e-002    -1.41615967303882e+002    4.79396859377172e+001
2.51188643150956e+003   -4.97565148921029e-003    -3.72453173337597e-002    -1.41504460573255e+002    4.85940841211977e+001
2.57039578276885e+003   -4.97573797931046e-003    -3.81128719699022e-002    -1.41390688250061e+002    4.92465582279501e+001
2.63026799189536e+003   -4.97582854556174e-003    -3.90006345313926e-002    -1.41274664641729e+002    4.98967745380968e+001
2.69153480392690e+003   -4.97592341977477e-003    -3.99090757198035e-002    -1.41156406296231e+002    5.05444051892202e+001
2.75422870333815e+003   -4.97602272368957e-003    -4.08386772012104e-002    -1.41035931957416e+002    5.11891291616032e+001
2.81838293126443e+003   -4.97612674735794e-003    -4.17899318602952e-002    -1.40913262369013e+002    5.18306320405282e+001
2.88403150312659e+003   -4.97623563193138e-003    -4.27633440631484e-002    -1.40788420373632e+002    5.24686082013280e+001
2.95120922666636e+003   -4.97634964807151e-003    -4.37594299233691e-002    -1.40661430646248e+002    5.31027599936141e+001
3.01995172040199e+003   -4.97646905747812e-003    -4.47787175763527e-002    -1.40532319706824e+002    5.37327992353331e+001
3.09029543251357e+003   -4.97659407368520e-003    -4.58217474595251e-002    -1.40401115806747e+002    5.43584476672753e+001
3.16227766016836e+003   -4.97672500157391e-003    -4.68890725981623e-002    -1.40267848792988e+002    5.49794371656415e+001
3.23593656929626e+003   -4.97686207911000e-003    -4.79812588994279e-002    -1.40132550051831e+002    5.55955106638929e+001
3.31131121482589e+003   -4.97700565661378e-003    -4.90988854514495e-002    -1.39995252289810e+002    5.62064215050866e+001
3.38844156139200e+003   -4.97715599884195e-003    -5.02425448314287e-002    -1.39855989569642e+002    5.68119351892743e+001
3.46736850452529e+003   -4.97731338489418e-003    -5.14128434192943e-002    -1.39714797097205e+002    5.74118287045040e+001
3.54813389233573e+003   -4.97747818831844e-003    -5.26104017187157e-002    -1.39571711136722e+002    5.80058910285688e+001
3.63078054770099e+003   -4.97765079838742e-003    -5.38358546865207e-002    -1.39426768837913e+002    5.85939226652987e+001
3.71535229097170e+003   -4.97783150173373e-003    -5.50898520700931e-002    -1.39280008251426e+002    5.91757371154019e+001
3.80189396320558e+003   -4.97802072135755e-003    -5.63730587503956e-002    -1.39131468112435e+002    5.97511598437736e+001
3.89045144994278e+003   -4.97821889832745e-003    -5.76861550951794e-002    -1.38981187727623e+002    6.03200282200386e+001
3.98107170553494e+003   -4.97842641320733e-003    -5.90298373202385e-002    -1.38829206938020e+002    6.08821922742063e+001
4.07380277804110e+003   -4.97864370608172e-003    -6.04048178577586e-002    -1.38675565945833e+002    6.14375138305142e+001
4.16869383470332e+003   -4.97887119806182e-003    -6.18118257345646e-002    -1.38520305285233e+002    6.19858672428264e+001
4.26579518801589e+003   -4.97910943125009e-003    -6.32516069576505e-002    -1.38363465614702e+002    6.25271378830745e+001
4.36515832240162e+003   -4.97935889107395e-003    -6.47249249109389e-002    -1.38205087722448e+002    6.30612231391089e+001
4.46683592150960e+003   -4.97962012647994e-003    -6.62325607591608e-002    -1.38045212421018e+002    6.35880320025873e+001
4.57088189614871e+003   -4.97989367164242e-003    -6.77753138625874e-002    -1.37883880425137e+002    6.41074843277018e+001
4.67735141287194e+003   -4.98018010670084e-003    -6.93540022003811e-002    -1.37721132298953e+002    6.46195108791982e+001
4.78630092322634e+003   -4.98048001928416e-003    -7.09694628045635e-002    -1.37557008369672e+002    6.51240528725474e+001
4.89778819368442e+003   -4.98079406535050e-003    -7.26225522032950e-002    -1.37391548664611e+002    6.56210617323759e+001
5.01187233627268e+003   -4.98112297055629e-003    -7.43141468749315e-002    -1.37224792836620e+002    6.61104986043624e+001
5.12861383991361e+003   -4.98146731325654e-003    -7.60451437145634e-002    -1.37056780153859e+002    6.65923347466232e+001
5.24807460249768e+003   -4.98182788336234e-003    -7.78164605064824e-002    -1.36887549336280e+002    6.70665495304705e+001
5.37031796370248e+003   -4.98220550520713e-003    -7.96290364122002e-002    -1.36717138602488e+002    6.75331314948181e+001
5.49540873857620e+003   -4.98260086048140e-003    -8.14838324700132e-002    -1.36545585623312e+002    6.79920780067363e+001
5.62341325190344e+003   -4.98301486715690e-003    -8.33818321010590e-002    -1.36372927402554e+002    6.84433936037235e+001
5.75439937337152e+003   -4.98344840330396e-003    -8.53240416331796e-002    -1.36199200297062e+002    6.88870904857334e+001
5.88843655355584e+003   -4.98390232882064e-003    -8.73114908342980e-002    -1.36024440010523e+002    6.93231885903400e+001
6.02559586074353e+003   -4.98437770576143e-003    -8.93452334561516e-002    -1.35848681483686e+002    6.97517137953466e+001
6.16595001861477e+003   -4.98487544302272e-003    -9.14263477964897e-002    -1.35671958956405e+002    7.01726990244412e+001
6.30957344480188e+003   -4.98539667569352e-003    -9.35559372668775e-002    -1.35494305881003e+002    7.05861826877736e+001
6.45654229034650e+003   -4.98594244963979e-003    -9.57351309809174e-002    -1.35315754953283e+002    7.09922091675254e+001
6.60693448007590e+003   -4.98651394223643e-003    -9.79650843505183e-002    -1.35136338071611e+002    7.13908279474476e+001
6.76082975391976e+003   -4.98711236556375e-003    -1.00246979699435e-001    -1.34956086329078e+002    7.17820932803371e+001
6.91830970918931e+003   -4.98773898881778e-003    -1.02582026889812e-001    -1.34775030022390e+002    7.21660641561040e+001
7.07945784384132e+003   -4.98839516086645e-003    -1.04971463963293e-001    -1.34593198619055e+002    7.25428033853030e+001
7.24435960074984e+003   -4.98908225350203e-003    -1.07416557798006e-001    -1.34410620796352e+002    7.29123781085199e+001
7.41310241300911e+003   -4.98980172395683e-003    -1.09918604779423e-001    -1.34227324398107e+002    7.32748585686297e+001
7.58577575029177e+003   -4.99055509813754e-003    -1.12478931487778e-001    -1.34043336475973e+002    7.36303186204644e+001
7.76247116628685e+003   -4.99134397386827e-003    -1.15098895401256e-001    -1.33858683263612e+002    7.39788347819266e+001
7.94328234724275e+003   -4.99217004412304e-003    -1.17779885615282e-001    -1.33673390197519e+002    7.43204862560190e+001
8.12830516164092e+003   -4.99303504102321e-003    -1.20523323579623e-001    -1.33487481923521e+002    7.46553546260027e+001
8.31763771102664e+003   -4.99394081896314e-003    -1.23330663850770e-001    -1.33300982313103e+002    7.49835237677910e+001
8.51138038202369e+003   -4.99488925923072e-003    -1.26203394864303e-001    -1.33113914458064e+002    7.53050792154564e+001
8.70963589956073e+003   -4.99588241306486e-003    -1.29143039721850e-001    -1.32926300692730e+002    7.56201081613900e+001
8.91250938133738e+003   -4.99692232723283e-003    -1.32151157000969e-001    -1.32738162614478e+002    7.59286994434351e+001
9.12010839355902e+003   -4.99801128674183e-003    -1.35229341577691e-001    -1.32549521073068e+002    7.62309426876592e+001
9.33254300796983e+003   -4.99915156142436e-003    -1.38379225475694e-001    -1.32360396213373e+002    7.65269288529913e+001
9.54992586021428e+003   -5.00034558951791e-003    -1.41602478728584e-001    -1.32170807476922e+002    7.68167496802214e+001
9.77237220955802e+003   -5.00159588351968e-003    -1.44900810266555e-001    -1.31980773611036e+002    7.71004973264730e+001
9.99999999999991e+003   -5.00290511497972e-003    -1.48275968820810e-001    -1.31790312703374e+002    7.73782647141619e+001
1.02329299228075e+004   -5.00427602085741e-003    -1.51729743852007e-001    -1.31599442183562e+002    7.76501449554854e+001
1.04712854805089e+004   -5.00571156823209e-003    -1.55263966495884e-001    -1.31408178837800e+002    7.79162311233464e+001
1.07151930523760e+004   -5.00721472222969e-003    -1.58880510537829e-001    -1.31216538849438e+002    7.81766168422220e+001
1.09647819614318e+004   -5.00878873044362e-003    -1.62581293400956e-001    -1.31024537779907e+002    7.84313950419958e+001
1.12201845430195e+004   -5.01043697083971e-003    -1.66368277164948e-001    -1.30832190613688e+002    7.86806586943722e+001
1.14815362149687e+004   -5.01216283974317e-003    -1.70243469608160e-001    -1.30639511772294e+002    7.89245006321899e+001
1.17489755493952e+004   -5.01397005704150e-003    -1.74208925265878e-001    -1.30446515117546e+002    7.91630129817983e+001
1.20226443461740e+004   -5.01586245555660e-003    -1.78266746523104e-001    -1.30253213980138e+002    7.93962874515228e+001
1.23026877081237e+004   -5.01784400903758e-003    -1.82419084728262e-001    -1.30059621173827e+002    7.96244151608523e+001
1.25892541179416e+004   -5.01991899948873e-003    -1.86668141329777e-001    -1.29865749009123e+002    7.98474864537079e+001
1.28824955169312e+004   -5.02209172829819e-003    -1.91016169048736e-001    -1.29671609315316e+002    8.00655910359724e+001
1.31825673855640e+004   -5.02436688290840e-003    -1.95465473064822e-001    -1.29477213450381e+002    8.02788176662664e+001
1.34896288259164e+004   -5.02674924881035e-003    -2.00018412243997e-001    -1.29282572321301e+002    8.04872542713165e+001
1.38038426460287e+004   -5.02924389844965e-003    -2.04677400384277e-001    -1.29087696397256e+002    8.06909877942153e+001
1.41253754462274e+004   -5.03185614237438e-003    -2.09444907495739e-001    -1.28892595725261e+002    8.08901041541355e+001
1.44543977074591e+004   -5.03459144120091e-003    -2.14323461111423e-001    -1.28697279949403e+002    8.10846883926878e+001
1.47910838816819e+004   -5.03745567545221e-003    -2.19315647619968e-001    -1.28501758315143e+002    8.12748241822688e+001
1.51356124843619e+004   -5.04045487990855e-003    -2.24424113642325e-001    -1.28306039695600e+002    8.14605943217845e+001
1.54881661891247e+004   -5.04359547488644e-003    -2.29651567428151e-001    -1.28110132595835e+002    8.16420802672724e+001
1.58489319246110e+004   -5.04688400177226e-003    -2.35000780297433e-001    -1.27914045174579e+002    8.18193624971995e+001
1.62181009735891e+004   -5.05032759378486e-003    -2.40474588096124e-001    -1.27717785247362e+002    8.19925199953448e+001
1.65958690743755e+004   -5.05393339515253e-003    -2.46075892713964e-001    -1.27521360312017e+002    8.21616308590760e+001
1.69824365246173e+004   -5.05770919206791e-003    -2.51807663604367e-001    -1.27324777546671e+002    8.23267715661886e+001
1.73780082874936e+004   -5.06166291270238e-003    -2.57672939371157e-001    -1.27128043835269e+002    8.24880176264808e+001
1.77827941003891e+004   -5.06580296186461e-003    -2.63674829368573e-001    -1.26931165770453e+002    8.26454431405116e+001
1.81970085860997e+004   -5.07013813948855e-003    -2.69816515350283e-001    -1.26734149667313e+002    8.27991209002403e+001
1.86208713666285e+004   -5.07467757985778e-003    -2.76101253156403e-001    -1.26537001575985e+002    8.29491224807483e+001
1.90546071796323e+004   -5.07943098947640e-003    -2.82532374430270e-001    -1.26339727289425e+002    8.30955180690813e+001
1.94984459975803e+004   -5.08440840940357e-003    -2.89113288390113e-001    -1.26142332356067e+002    8.32383766127308e+001
1.99526231496886e+004   -5.08962039544581e-003    -2.95847483628612e-001    -1.25944822087626e+002    8.33777656874415e+001
2.04173794466951e+004   -5.09507800084048e-003    -3.02738529960503e-001    -1.25747201571103e+002    8.35137516452356e+001
2.08929613085402e+004   -5.10079281953487e-003    -3.09790080311086e-001    -1.25549475674920e+002    8.36463994306074e+001
2.13796208950221e+004   -5.10677695119162e-003    -3.17005872651335e-001    -1.25351649060146e+002    8.37757727344302e+001
2.18776162394953e+004   -5.11304310627598e-003    -3.24389731972938e-001    -1.25153726188561e+002    8.39019339504565e+001
2.23872113856832e+004   -5.11960455356775e-003    -3.31945572314853e-001    -1.24955711330377e+002    8.40249441617834e+001
2.29086765276775e+004   -5.12647520788648e-003    -3.39677398831739e-001    -1.24757608572827e+002    8.41448631913395e+001
2.34422881531990e+004   -5.13366969931277e-003    -3.47589309910849e-001    -1.24559421826470e+002    8.42617494993821e+001
2.39883291901947e+004   -5.14120320553766e-003    -3.55685499347522e-001    -1.24361154834383e+002    8.43756603392153e+001
2.45470891568501e+004   -5.14909178201576e-003    -3.63970258551195e-001    -1.24162811178325e+002    8.44866516808518e+001
2.51188643150956e+004   -5.15735207819065e-003    -3.72447978827454e-001    -1.23964394286227e+002    8.45947782906222e+001
2.57039578276884e+004   -5.16600167074374e-003    -3.81123153687450e-001    -1.23765907436343e+002    8.47000935467246e+001
2.63026799189536e+004   -5.17505890221981e-003    -3.90000381231555e-001    -1.23567353766882e+002    8.48026497052123e+001
2.69153480392689e+004   -5.18454295960930e-003    -3.99084366578205e-001    -1.23368736280765e+002    8.49024978072512e+001
2.75422870333814e+004   -5.19447395477039e-003    -4.08379924348720e-001    -1.23170057850594e+002    8.49996876356428e+001
2.81838293126443e+004   -5.20487298692756e-003    -4.17891981210292e-001    -1.22971321224439e+002    8.50942677294859e+001
2.88403150312658e+004   -5.21576204833301e-003    -4.27625578485447e-001    -1.22772529033276e+002    8.51862855717085e+001
2.95120922666636e+004   -5.22716426955028e-003    -4.37585874805563e-001    -1.22573683792644e+002    8.52757873064831e+001
3.01995172040199e+004   -5.23910380957350e-003    -4.47778148842929e-001    -1.22374787911064e+002    8.53628180425780e+001
3.09029543251356e+004   -5.25160606590016e-003    -4.58207802090043e-001    -1.22175843692031e+002    8.54474216202736e+001
3.16227766016835e+004   -5.26469748996998e-003    -4.68880361723488e-001    -1.21976853341438e+002    8.55296409056524e+001
3.23593656929625e+004   -5.27840580216798e-003    -4.79801483513393e-001    -1.21777818968542e+002    8.56095174756429e+001
3.31131121482588e+004   -5.29276013007741e-003    -4.90976954803450e-001    -1.21578742593263e+002    8.56870918862782e+001
3.38844156139199e+004   -5.30779093111800e-003    -5.02412697571681e-001    -1.21379626148049e+002    8.57624035323031e+001
3.46736850452528e+004   -5.32353007690345e-003    -5.14114771553186e-001    -1.21180471483243e+002    8.58354907739376e+001
3.54813389233572e+004   -5.34001086122229e-003    -5.26089377439433e-001    -1.20981280370500e+002    8.59063909279872e+001
3.63078054770098e+004   -5.35726832885470e-003    -5.38342860131859e-001    -1.20782054504988e+002    8.59751401312717e+001
3.71535229097169e+004   -5.37533907167623e-003    -5.50881712102415e-001    -1.20582795510720e+002    8.60417735633333e+001
3.80189396320557e+004   -5.39426132605138e-003    -5.63712576813967e-001    -1.20383504943127e+002    8.61063253889639e+001
3.89045144994277e+004   -5.41407529224697e-003    -5.76842252204581e-001    -1.20184184291603e+002    8.61688286683323e+001
3.98107170553493e+004   -5.43482294150283e-003    -5.90277694285006e-001    -1.19984834983455e+002    8.62293155202561e+001
4.07380277804108e+004   -5.45654836312100e-003    -6.04026020783464e-001    -1.19785458385840e+002    8.62878169754513e+001
4.16869383470331e+004   -5.47929748045759e-003    -6.18094514917096e-001    -1.19586055810113e+002    8.63443632185905e+001
4.26579518801588e+004   -5.50311864481030e-003    -6.32490629189172e-001    -1.19386628512739e+002    8.63989833354426e+001
4.36515832240161e+004   -5.52806232068879e-003    -6.47221989337054e-001    -1.19187177698909e+002    8.64517055077829e+001
4.46683592150958e+004   -5.55418141116219e-003    -6.62296398325433e-001    -1.18987704524645e+002    8.65025569203460e+001
4.57088189614870e+004   -5.58153125074441e-003    -6.77721840455162e-001    -1.18788210099677e+002    8.65515638914883e+001
4.67735141287193e+004   -5.61016988149871e-003    -6.93506485544644e-001    -1.18588695488900e+002    8.65987517267865e+001
4.78630092322633e+004   -5.64015801697978e-003    -7.09658693230952e-001    -1.18389161715350e+002    8.66441448594224e+001
4.89778819368441e+004   -5.67155923038234e-003    -7.26187017352048e-001    -1.18189609761809e+002    8.66877667974763e+001
5.01187233627267e+004   -5.70444006927118e-003    -7.43100210434820e-001    -1.17990040573079e+002    8.67296401472876e+001
5.12861383991359e+004   -5.73887027592764e-003    -7.60407228276522e-001    -1.17790455058011e+002    8.67697866411068e+001
5.24807460249767e+004   -5.77492287534972e-003    -7.78117234641733e-001    -1.17590854091072e+002    8.68082270920211e+001
5.37031796370247e+004   -5.81267421063933e-003    -7.96239606071714e-001    -1.17391238514342e+002    8.68449814785217e+001
5.49540873857619e+004   -5.85220436281154e-003    -8.14783936768428e-001    -1.17191609139566e+002    8.68800689117234e+001
5.62341325190343e+004   -5.89359714149456e-003    -8.33760043627975e-001    -1.16991966749063e+002    8.69135075910553e+001
5.75439937337151e+004   -5.93694028208148e-003    -8.53177971369956e-001    -1.16792312098501e+002    8.69453149669785e+001
5.88843655355583e+004   -5.98232569091988e-003    -8.73047997778094e-001    -1.16592645917079e+002    8.69755075346457e+001
6.02559586074351e+004   -6.02984948086899e-003    -8.93380639080400e-001    -1.16392968910458e+002    8.70041010766653e+001
6.16595001861475e+004   -6.07961247252187e-003    -9.14186655403872e-001    -1.16193281761130e+002    8.70311104484950e+001
6.30957344480186e+004   -6.13172008965053e-003    -9.35477056414005e-001    -1.15993585130397e+002    8.70565497463975e+001
6.45654229034648e+004   -6.18628282042121e-003    -9.57263107022993e-001    -1.15793879659788e+002    8.70804322268882e+001
6.60693448007589e+004   -6.24341627226644e-003    -9.79556333269261e-001    -1.15594165971955e+002    8.71027703399416e+001
6.76082975391974e+004   -6.30324151558000e-003    -1.00236852829809e+000    -1.15394444672398e+002    8.71235757398630e+001
6.91830970918929e+004   -6.36588535949054e-003    -1.02571175848313e+000    -1.15194716350752e+002    8.71428592907005e+001
7.07945784384130e+004   -6.43148056024190e-003    -1.04959836969286e+000    -1.14994981581835e+002    8.71606310609739e+001
7.24435960074982e+004   -6.50016610169484e-003    -1.07404099368893e+000    -1.14795240926677e+002    8.71769003281644e+001
7.41310241300909e+004   -6.57208750880940e-003    -1.09905255466315e+000    -1.14595494934106e+002    8.71916755796337e+001
7.58577575029175e+004   -6.64739721459132e-003    -1.12464627591265e+000    -1.14395744141748e+002    8.72049645465291e+001
7.76247116628683e+004   -6.72625476281467e-003    -1.15083568668413e+000    -1.14195989077048e+002    8.72167741679284e+001
7.94328234724272e+004   -6.80882718461377e-003    -1.17763462914809e+000    -1.13996230258449e+002    8.72271106199047e+001
8.12830516164090e+004   -6.89528947019780e-003    -1.20505726551315e+000    -1.13796468196492e+002    8.72359792957424e+001
8.31763771102661e+004   -6.98582473957968e-003    -1.23311808533820e+000    -1.13596703394949e+002    8.72433848363473e+001
8.51138038202367e+004   -7.08062480762078e-003    -1.26183191295105e+000    -1.13396936351773e+002    8.72493311144430e+001
8.70963589956071e+004   -7.17989044964768e-003    -1.29121391507128e+000    -1.13197167560152e+002    8.72538212311623e+001
8.91250938133735e+004   -7.28383188443213e-003    -1.32127960856885e+000    -1.12997397509672e+002    8.72568575436785e+001
9.12010839355899e+004   -7.39266923727784e-003    -1.35204486839384e+000    -1.12797626687299e+002    8.72584416510025e+001
9.33254300796980e+004   -7.50663304366892e-003    -1.38352593567139e+000    -1.12597855578235e+002    8.72585743495244e+001
9.54992586021425e+004   -7.62596457614972e-003    -1.41573942599975e+000    -1.12398084667155e+002    8.72572557364557e+001
9.77237220955799e+004   -7.75091653123147e-003    -1.44870233787008e+000    -1.12198314439229e+002    8.72544851145117e+001
9.99999999999988e+004   -7.88175344235877e-003    -1.48243206131020e+000    -1.11998545380912e+002    8.72502610278483e+001
1.02329299228074e+005   -8.01875227647405e-003    -1.51694638668331e+000    -1.11798777981230e+002    8.72445812744268e+001
1.04712854805089e+005   -8.16220305650527e-003    -1.55226351366850e+000    -1.11599012732659e+002    8.72374428776048e+001
1.07151930523759e+005   -8.31240931264961e-003    -1.58840206046175e+000    -1.11399250132236e+002    8.72288421277461e+001
1.09647819614317e+005   -8.46968907788897e-003    -1.62538107307248e+000    -1.11199490682506e+002    8.72187744922892e+001
1.12201845430195e+005   -8.63437507997330e-003    -1.66322003496084e+000    -1.10999734892718e+002    8.72072347333907e+001
1.14815362149687e+005   -8.80681579775612e-003    -1.70193887671718e+000    -1.10799983279908e+002    8.71942168245656e+001
1.17489755493952e+005   -8.98737605404610e-003    -1.74155798602680e+000    -1.10600236369644e+002    8.71797139446142e+001
1.20226443461740e+005   -9.17643782103268e-003    -1.78209821779957e+000    -1.10400494697694e+002    8.71637185338256e+001
1.23026877081237e+005   -9.37440100174934e-003    -1.82358090451068e+000    -1.10200758810658e+002    8.71462222186761e+001
1.25892541179415e+005   -9.58168418924124e-003    -1.86602786675682e+000    -1.10001029267382e+002    8.71272158877595e+001
1.28824955169312e+005   -9.79872572245277e-003    -1.90946142396187e+000    -1.09801306640023e+002    8.71066896019807e+001
1.31825673855639e+005   -1.00259845050876e-002    -1.95390440534549e+000    -1.09601591515340e+002    8.70846326528292e+001
1.34896288259164e+005   -1.02639408868439e-002    -1.99938016109743e+000    -1.09401884495769e+002    8.70610335283693e+001
1.38038426460287e+005   -1.05130978865304e-002    -2.04591257369319e+000    -1.09202186201010e+002    8.70358799210220e+001
1.41253754462274e+005   -1.07739819064149e-002    -2.09352606954660e+000    -1.09002497268814e+002    8.70091587307428e+001
1.44543977074591e+005   -1.10471442882724e-002    -2.14224563068882e+000    -1.08802818356867e+002    8.69808560055143e+001
1.47910838816819e+005   -1.13331619486105e-002    -2.19209680688942e+000    -1.08603150143687e+002    8.69509570175327e+001
1.51356124843619e+005   -1.16326390384793e-002    -2.24310572775639e+000    -1.08403493330453e+002    8.69194461914989e+001
1.54881661891246e+005   -1.19462078854518e-002    -2.29529911523743e+000    -1.08203848642080e+002    8.68863071280328e+001
1.58489319246109e+005   -1.22745305684402e-002    -2.34870429618948e+000    -1.08004216829196e+002    8.68515225754406e+001
1.62181009735891e+005   -1.26182999979819e-002    -2.40334921530459e+000    -1.07804598669229e+002    8.68150744581652e+001
1.65958690743754e+005   -1.29782416345312e-002    -2.45926244809544e+000    -1.07604994968293e+002    8.67769438321303e+001
1.69824365246172e+005   -1.33551147772752e-002    -2.51647321422380e+000    -1.07405406562842e+002    8.67371108950090e+001
1.73780082874935e+005   -1.37497143975238e-002    -2.57501139090480e+000    -1.07205834321318e+002    8.66955549588711e+001
1.77827941003890e+005   -1.41628724891992e-002    -2.63490752667534e+000    -1.07006279146178e+002    8.66522544795304e+001
1.81970085860996e+005   -1.45954599899412e-002    -2.69619285522398e+000    -1.06806741975437e+002    8.66071870120227e+001
1.86208713666284e+005   -1.50483885428591e-002    -2.75889930948830e+000    -1.06607223784818e+002    8.65603292023106e+001
1.90546071796322e+005   -1.55226123402318e-002    -2.82305953594981e+000    -1.06407725589742e+002    8.65116568014618e+001
1.94984459975802e+005   -1.60191300923258e-002    -2.88870690910872e+000    -1.06208248447455e+002    8.64611446420535e+001
1.99526231496885e+005   -1.65389872240223e-002    -2.95587554609752e+000    -1.06008793459227e+002    8.64087666147071e+001
2.04173794466950e+005   -1.70832777684554e-002    -3.02460032160578e+000    -1.05809361772386e+002    8.63544956873464e+001
2.08929613085401e+005   -1.76531467934360e-002    -3.09491688283442e+000    -1.05609954582939e+002    8.62983038668470e+001
2.13796208950220e+005   -1.82497928102134e-002    -3.16686166464949e+000    -1.05410573138066e+002    8.62401621987006e+001
2.18776162394952e+005   -1.88744700700990e-002    -3.24047190496978e+000    -1.05211218738460e+002    8.61800407527517e+001
2.23872113856831e+005   -1.95284911493348e-002    -3.31578566023990e+000    -1.05011892741073e+002    8.61179086276395e+001
2.29086765276774e+005   -2.02132297278312e-002    -3.39284182100574e+000    -1.04812596561949e+002    8.60537339133138e+001
2.34422881531989e+005   -2.09301233686379e-002    -3.47168012765399e+000    -1.04613331679144e+002    8.59874836933461e+001
2.39883291901946e+005   -2.16806763033012e-002    -3.55234118630912e+000    -1.04414099635474e+002    8.59191240315328e+001
2.45470891568500e+005   -2.24664628018735e-002    -3.63486648464013e+000    -1.04214902042198e+002    8.58486199527215e+001
2.51188643150955e+005   -2.32891298472376e-002    -3.71929840808113e+000    -1.04015740581457e+002    8.57759354526209e+001
2.57039578276883e+005   -2.41504010377599e-002    -3.80568025566202e+000    -1.03816617010552e+002    8.57010334443808e+001
2.63026799189535e+005   -2.50520796276587e-002    -3.89405625629482e+000    -1.03617533164873e+002    8.56238757901336e+001
2.69153480392688e+005   -2.59960524511053e-002    -3.98447158476517e+000    -1.03418490962012e+002    8.55444232576506e+001
2.75422870333813e+005   -2.69842934708505e-002    -4.07697237794682e+000    -1.03219492405124e+002    8.54626355192604e+001
2.81838293126442e+005   -2.80188678669004e-002    -4.17160575081483e+000    -1.03020539587480e+002    8.53784711372078e+001
2.88403150312657e+005   -2.91019361774727e-002    -4.26841981244376e+000    -1.02821634696368e+002    8.52918875514915e+001
2.95120922666635e+005   -3.02357585187988e-002    -4.36746368195844e+000    -1.02622780017372e+002    8.52028410594404e+001
3.01995172040197e+005   -3.14226990683727e-002    -4.46878750431977e+000    -1.02423977939091e+002    8.51112868231300e+001
3.09029543251355e+005   -3.26652308381756e-002    -4.57244246589244e+000    -1.02225230957810e+002    8.50171788242779e+001
3.16227766016834e+005   -3.39659403701537e-002    -4.67848080994865e+000    -1.02026541682360e+002    8.49204698902271e+001
3.23593656929624e+005   -3.53275330715939e-002    -4.78695585169645e+000    -1.01827912839318e+002    8.48211116419259e+001
3.31131121482586e+005   -3.67528382903043e-002    -4.89792199326127e+000    -1.01629347278369e+002    8.47190545121274e+001
3.38844156139198e+005   -3.82448148869879e-002    -5.01143473817919e+000    -1.01430847977696e+002    8.46142477177303e+001
3.46736850452527e+005   -3.98065569771251e-002    -5.12755070552193e+000    -1.01232418049997e+002    8.45066392581721e+001
3.54813389233570e+005   -4.14413000078749e-002    -5.24632764350573e+000    -1.01034060748282e+002    8.43961758887433e+001
3.63078054770096e+005   -4.31524268432235e-002    -5.36782444271958e+000    -1.00835779472357e+002    8.42828031308126e+001
3.71535229097167e+005   -4.49434743184839e-002    -5.49210114864192e+000    -1.00637577775163e+002    8.41664652403218e+001
3.80189396320556e+005   -4.68181398981895e-002    -5.61921897359565e+000    -1.00439459369554e+002    8.40471052178641e+001
3.89045144994275e+005   -4.87802888391019e-002    -5.74924030781931e+000    -1.00241428135436e+002    8.39246647802469e+001
3.98107170553492e+005   -5.08339612764656e-002    -5.88222872994824e+000    -1.00043488127000e+002    8.37990843688103e+001
4.07380277804107e+005   -5.29833799694411e-002    -6.01824901634996e+000    -9.98456435804629e+001    8.36703031379253e+001
4.16869383470329e+005   -5.52329580256965e-002    -6.15736714966847e+000    -9.96478989216716e+001    8.35382589379155e+001
4.26579518801586e+005   -5.75873072028488e-002    -6.29965032608292e+000    -9.94502587746470e+001    8.34028883264452e+001
4.36515832240160e+005   -6.00512462644251e-002    -6.44516696153739e+000    -9.92527279697790e+001    8.32641265447972e+001
4.46683592150957e+005   -6.26298097517184e-002    -6.59398669658782e+000    -9.90553115527798e+001    8.31219075402979e+001
4.57088189614868e+005   -6.53282573159198e-002    -6.74618039962666e+000    -9.88580147939614e+001    8.29761639418053e+001
4.67735141287191e+005   -6.81520828731352e-002    -6.90182016892121e+000    -9.86608431973677e+001    8.28268270678299e+001
4.78630092322631e+005   -7.11070246474875e-002    -7.06097933252793e+000    -9.84638025109761e+001    8.26738269345307e+001
4.89778819368439e+005   -7.41990751487820e-002    -7.22373244666945e+000    -9.82668987365767e+001    8.25170922491104e+001
5.01187233627265e+005   -7.74344917371327e-002    -7.39015529192061e+000    -9.80701381403167e+001    8.23565504200779e+001
5.12861383991357e+005   -8.08198073300275e-002    -7.56032486740257e+000    -9.78735272636663e+001    8.21921275713635e+001
5.24807460249765e+005   -8.43618419400798e-002    -7.73431938222953e+000    -9.76770729346053e+001    8.20237485336529e+001
5.37031796370245e+005   -8.80677137981996e-002    -7.91221824510364e+000    -9.74807822791520e+001    8.18513368802491e+001
5.49540873857616e+005   -9.19448517044753e-002    -8.09410205044036e+000    -9.72846627334489e+001    8.16748149230427e+001
5.62341325190341e+005   -9.60010070871516e-002    -8.28005256215545e+000    -9.70887220559595e+001    8.14941037405183e+001
5.75439937337148e+005   -1.00244266765281e-001    -8.47015269402142e+000    -9.68929683402457e+001    8.13091231984375e+001
5.88843655355580e+005   -1.04683066024524e-001    -8.66448648671071e+000    -9.66974100279820e+001    8.11197919710975e+001
6.02559586074349e+005   -1.09326202082026e-001    -8.86313908121777e+000    -9.65020559224889e+001    8.09260275644550e+001
6.16595001861473e+005   -1.14182847723815e-001    -9.06619668863367e+000    -9.63069152024597e+001    8.07277463640185e+001
6.30957344480184e+005   -1.19262565652383e-001    -9.27374655546222e+000    -9.61119974361641e+001    8.05248636537818e+001
6.45654229034646e+005   -1.24575322877696e-001    -9.48587692487458e+000    -9.59173125959168e+001    8.03172936639050e+001
6.60693448007586e+005   -1.30131505588295e-001    -9.70267699317065e+000    -9.57228710730434e+001    8.01049496188169e+001
6.76082975391971e+005   -1.35941934450957e-001    -9.92423686117629e+000    -9.55286836930504e+001    7.98877437764750e+001
6.91830970918926e+005   -1.42017879900098e-001    -1.01506474807544e+001    -9.53347617310554e+001    7.96655874957447e+001
7.07945784384127e+005   -1.48371078132612e-001    -1.03820005952899e+001    -9.51411169276143e+001    7.94383912873486e+001
7.24435960074979e+005   -1.55013747054611e-001    -1.06183886746528e+001    -9.49477615049533e+001    7.92060648867416e+001
7.41310241300906e+005   -1.61958602772116e-001    -1.08599048435862e+001    -9.47547081832043e+001    7.89685173218749e+001
7.58577575029172e+005   -1.69218876040317e-001    -1.11066428038389e+001    -9.45619701969717e+001    7.87256569947717e+001
7.76247116628680e+005   -1.76808329062486e-001    -1.13586967491840e+001    -9.43695613121554e+001    7.84773917676679e+001
7.94328234724269e+005   -1.84741272371908e-001    -1.16161612732422e+001    -9.41774958428129e+001    7.82236290557085e+001
8.12830516164087e+005   -1.93032581985184e-001    -1.18791312694428e+001    -9.39857886683527e+001    7.79642759285622e+001
8.31763771102658e+005   -2.01697716437446e-001    -1.21477018232029e+001    -9.37944552504910e+001    7.76992392168797e+001
8.51138038202363e+005   -2.10752733878116e-001    -1.24219680956612e+001    -9.36035116504745e+001    7.74284256343814e+001
8.70963589956067e+005   -2.20214309226686e-001    -1.27020251984963e+001    -9.34129745461621e+001    7.71517419011037e+001
8.91250938133732e+005   -2.30099751305374e-001    -1.29879680594679e+001    -9.32228612491284e+001    7.68690948745675e+001
9.12010839355895e+005   -2.40427019389268e-001    -1.32798912790502e+001    -9.30331897213695e+001    7.65803917043046e+001
9.33254300796976e+005   -2.51214740042932e-001    -1.35778889763961e+001    -9.28439785920031e+001    7.62855399781959e+001
9.54992586021421e+005   -2.62482223309857e-001    -1.38820546255303e+001    -9.26552471734375e+001    7.59844478884926e+001
9.77237220955795e+005   -2.74249478561889e-001    -1.41924808808526e+001    -9.24670154774949e+001    7.56770244120726e+001
9.99999999999984e+005   -2.86537229816680e-001    -1.45092593917705e+001    -9.22793042303514e+001    7.53631794915112e+001
1.02329299228074e+006   -2.99366930529258e-001    -1.48324806059703e+001    -9.20921348875619e+001    7.50428242329811e+001
1.04712854805088e+006   -3.12760777575729e-001    -1.51622335613320e+001    -9.19055296480580e+001    7.47158711186355e+001
1.07151930523759e+006   -3.26741724253387e-001    -1.54986056663637e+001    -9.17195114670918e+001    7.43822342262458e+001
1.09647819614317e+006   -3.41333492592665e-001    -1.58416824681973e+001    -9.15341040685433e+001    7.40418294568849e+001
1.12201845430195e+006   -3.56560584377646e-001    -1.61915474087880e+001    -9.13493319559222e+001    7.36945747859894e+001
1.14815362149686e+006   -3.72448290786502e-001    -1.65482815691459e+001    -9.11652204221481e+001    7.33403905162396e+001
1.17489755493951e+006   -3.89022700826467e-001    -1.69119634009220e+001    -9.09817955577794e+001    7.29791995482828e+001
1.20226443461739e+006   -4.06310708013872e-001    -1.72826684460872e+001    -9.07990842579041e+001    7.26109276605561e+001
1.23026877081236e+006   -4.24340015402581e-001    -1.76604690442679e+001    -9.06171142270959e+001    7.22355038040450e+001
1.25892541179415e+006   -4.43139138653148e-001    -1.80454340281483e+001    -9.04359139823653e+001    7.18528604050848e+001
1.28824955169311e+006   -4.62737406814361e-001    -1.84376284075165e+001    -9.02555128540582e+001    7.14629336856677e+001
1.31825673855639e+006   -4.83164961092647e-001    -1.88371130413153e+001    -9.00759409847064e+001    7.10656639885648e+001
1.34896288259163e+006   -5.04452750782701e-001    -1.92439442995005e+001    -8.98972293248957e+001    7.06609961194874e+001
1.38038426460286e+006   -5.26632526766902e-001    -1.96581737139659e+001    -8.97194096265749e+001    7.02488796923378e+001
1.41253754462273e+006   -5.49736831913416e-001    -2.00798476202496e+001    -8.95425144337474e+001    6.98292694919152e+001
1.44543977074590e+006   -5.73798988329400e-001    -2.05090067905213e+001    -8.93665770696384e+001    6.94021258399676e+001
1.47910838816818e+006   -5.98853081349920e-001    -2.09456860586078e+001    -8.91916316205302e+001    6.89674149724350e+001
1.51356124843618e+006   -6.24933940175458e-001    -2.13899139378442e+001    -8.90177129166536e+001    6.85251094189165e+001
1.54881661891246e+006   -6.52077114229821e-001    -2.18417122348651e+001    -8.88448565083111e+001    6.80751883921256e+001
1.58489319246109e+006   -6.80318846272879e-001    -2.23010956576664e+001    -8.86730986391822e+001    6.76176381798451e+001
1.62181009735890e+006   -7.09696040818255e-001    -2.27680714227322e+001    -8.85024762145961e+001    6.71524525366449e+001
1.65958690743753e+006   -7.40246228493454e-001    -2.32426388609329e+001    -8.83330267660236e+001    6.66796330815828e+001
1.69824365246172e+006   -7.72007525986358e-001    -2.37247890245801e+001    -8.81647884109117e+001    6.61991896885794e+001
1.73780082874935e+006   -8.05018591314451e-001    -2.42145042980628e+001    -8.79977998079971e+001    6.57111408786891e+001
1.77827941003889e+006   -8.39318574311365e-001    -2.47117580142999e+001    -8.78321001078350e+001    6.52155142017289e+001
1.81970085860995e+006   -8.74947062280455e-001    -2.52165140792949e+001    -8.76677288983961e+001    6.47123466151813e+001
1.86208713666284e+006   -9.11944020885689e-001    -2.57287266069075e+001    -8.75047261459830e+001    6.42016848476225e+001
1.90546071796322e+006   -9.50349730050571e-001    -2.62483395670842e+001    -8.73431321311455e+001    6.36835857504476e+001
1.94984459975801e+006   -9.90204714602344e-001    -2.67752864512472e+001    -8.71829873792848e+001    6.31581166352221e+001
1.99526231496885e+006   -1.03154967039529e+000    -2.73094899555434e+001    -8.70243325868145e+001    6.26253555897544e+001
2.04173794466950e+006   -1.07442538531601e+000    -2.78508616870898e+001    -8.68672085421666e+001    6.20853917714039e+001
2.08929613085400e+006   -1.11887265557193e+000    -2.83993018954255e+001    -8.67116560420296e+001    6.15383256767817e+001
2.13796208950220e+006   -1.16493219736946e+000    -2.89546992324858e+001    -8.65577158031268e+001    6.09842693829848e+001
2.18776162394952e+006   -1.21264455415540e+000    -2.95169305443861e+001    -8.64054283693500e+001    6.04233467546974e+001
2.23872113856830e+006   -1.26204999987132e+000    -3.00858606974447e+001    -8.62548340151150e+001    5.98556936198560e+001
2.29086765276773e+006   -1.31318843805815e+000    -3.06613424432769e+001    -8.61059726443341e+001    5.92814579030045e+001
2.34422881531988e+006   -1.36609929778922e+000    -3.12432163236782e+001    -8.59588836865455e+001    5.87007997241724e+001
2.39883291901945e+006   -1.42082142631595e+000    -3.18313106201331e+001    -8.58136059893430e+001    5.81138914458367e+001
2.45470891568499e+006   -1.47739297920539e+000    -3.24254413494643e+001    -8.56701777086931e+001    5.75209176801211e+001
2.51188643150954e+006   -1.53585130829478e+000    -3.30254123088518e+001    -8.55286361967683e+001    5.69220752432390e+001
2.57039578276882e+006   -1.59623284825621e+000    -3.36310151714980e+001    -8.53890178885806e+001    5.63175730603215e+001
2.63026799189534e+006   -1.65857300211118e+000    -3.42420296359693e+001    -8.52513581874825e+001    5.57076320165242e+001
2.69153480392687e+006   -1.72290602644050e+000    -3.48582236304486e+001    -8.51156913503680e+001    5.50924847530316e+001
2.75422870333812e+006   -1.78926491735321e+000    -3.54793535713509e+001    -8.49820503736115e+001    5.44723754073980e+001
2.81838293126441e+006   -1.85768129698120e+000    -3.61051646814034e+001    -8.48504668796375e+001    5.38475592991499e+001
2.88403150312656e+006   -1.92818530258765e+000    -3.67353913613585e+001    -8.47209710059959e+001    5.32183025543485e+001
2.95120922666634e+006   -2.00080547768477e+000    -3.73697576214948e+001    -8.45935912964252e+001    5.25848816775783e+001
3.01995172040196e+006   -2.07556866716601e+000    -3.80079775663837e+001    -8.44683545960700e+001    5.19475830649999e+001
3.09029543251354e+006   -2.15249991608378e+000    -3.86497559372691e+001    -8.43452859502664e+001    5.13067024644662e+001
3.16227766016832e+006   -2.23162237389364e+000    -3.92947887050963e+001    -8.42244085086029e+001    5.06625443804971e+001
3.23593656929623e+006   -2.31295720410897e+000    -3.99427637159432e+001    -8.41057434348897e+001    5.00154214309389e+001
3.31131121482585e+006   -2.39652350050522e+000    -4.05933613839672e+001    -8.39893098230866e+001    4.93656536536649e+001
3.38844156139197e+006   -2.48233821050305e+000    -4.12462554287905e+001    -8.38751246207643e+001    4.87135677686274e+001
3.46736850452526e+006   -2.57041606626541e+000    -4.19011136540995e+001    -8.37632025603166e+001    4.80594964007866e+001
3.54813389233569e+006   -2.66076952413417e+000    -4.25575987630090e+001    -8.36535560982318e+001    4.74037772644678e+001
3.63078054770095e+006   -2.75340871308966e+000    -4.32153692045347e+001    -8.35461953637071e+001    4.67467523165987e+001
3.71535229097166e+006   -2.84834139232307e+000    -4.38740800482773e+001    -8.34411281160241e+001    4.60887668827719e+001
3.80189396320555e+006   -2.94557291874046e+000    -4.45333838792889e+001    -8.33383597123032e+001    4.54301687627319e+001
3.89045144994274e+006   -3.04510622429032e+000    -4.51929317099207e+001    -8.32378930846352e+001    4.47713073180936e+001
3.98107170553490e+006   -3.14694180360242e+000    -4.58523739010868e+001    -8.31397287277755e+001    4.41125325522103e+001
4.07380277804106e+006   -3.25107771186281e+000    -4.65113610881980e+001    -8.30438646970483e+001    4.34541941831973e+001
4.16869383470328e+006   -3.35750957305624e+000    -4.71695451050698e+001    -8.29502966165626e+001    4.27966407212578e+001
4.26579518801585e+006   -3.46623059846899e+000    -4.78265799000521e+001    -8.28590176977446e+001    4.21402185527030e+001
4.36515832240158e+006   -3.57723161523283e+000    -4.84821224389084e+001    -8.27700187678304e+001    4.14852710362675e+001
4.46683592150955e+006   -3.69050110478263e+000    -4.91358335878374e+001    -8.26832883083665e+001    4.08321376213115e+001
4.57088189614867e+006   -3.80602525073309e+000    -4.97873789722721e+001    -8.25988125030847e+001    4.01811529888212e+001
4.67735141287190e+006   -3.92378799583975e+000    -5.04364298056920e+001    -8.25165752948504e+001    3.95326462228114e+001
4.78630092322630e+006   -4.04377110762758e+000    -5.10826636829703e+001    -8.24365584512647e+001    3.88869400163466e+001
4.89778819368437e+006   -4.16595425190430e+000    -5.17257653355687e+001    -8.23587416382479e+001    3.82443499182889e+001
5.01187233627263e+006   -4.29031507378654e+000    -5.23654273426460e+001    -8.22831025010120e+001    3.76051836203441e+001
5.12861383991356e+006   -4.41682928536215e+000    -5.30013507962326e+001    -8.22096167517078e+001    3.69697402934700e+001
5.24807460249763e+006   -4.54547075950731e+000    -5.36332459155449e+001    -8.21382582633161e+001    3.63383099728071e+001
5.37031796370243e+006   -4.67621162880760e+000    -5.42608326106040e+001    -8.20689991684933e+001    3.57111729952147e+001
5.49540873857615e+006   -4.80902238920504e+000    -5.48838409898542e+001    -8.20018099632625e+001    3.50885994903304e+001
5.62341325190339e+006   -4.94387200719957e+000    -5.55020118138658e+001    -8.19366596141825e+001    3.44708489281181e+001
5.75439937337146e+006   -5.08072803013316e+000    -5.61150968915242e+001    -8.18735156686793e+001    3.38581697229002e+001
5.88843655355578e+006   -5.21955669869280e+000    -5.67228594190866e+001    -8.18123443675109e+001    3.32507988934058e+001
6.02559586074347e+006   -5.36032306076229e+000    -5.73250742633629e+001    -8.17531107586132e+001    3.26489617804700e+001
6.16595001861471e+006   -5.50299108610087e+000    -5.79215281875295e+001    -8.16957788118127e+001    3.20528718210152e+001
6.30957344480182e+006   -5.64752378088718e+000    -5.85120200231710e+001    -8.16403115333417e+001    3.14627303767990e+001
6.45654229034644e+006   -5.79388330178945e+000    -5.90963607865735e+001    -8.15866710799339e+001    3.08787266170116e+001
6.60693448007584e+006   -5.94203106855831e+000    -5.96743737449518e+001    -8.15348188713868e+001    3.03010374533775e+001
6.76082975391969e+006   -6.09192787491766e+000    -6.02458944308987e+001    -8.14847157014777e+001    2.97298275248887e+001
6.91830970918924e+006   -6.24353399689619e+000    -6.08107706109213e+001    -8.14363218462896e+001    2.91652492297391e+001
7.07945784384125e+006   -6.39680929837599e+000    -6.13688622077977e+001    -8.13895971697462e+001    2.86074428032086e+001
7.24435960074977e+006   -6.55171333325040e+000    -6.19200411815113e+001    -8.13445012258001e+001    2.80565364363620e+001
7.41310241300904e+006   -6.70820544391862e+000    -6.24641913704840e+001    -8.13009933568839e+001    2.75126464354793e+001
7.58577575029170e+006   -6.86624485570972e+000    -6.30012082971218e+001    -8.12590327883707e+001    2.69758774160005e+001
7.76247116628677e+006   -7.02579076701310e+000    -6.35309989402034e+001    -8.12185787187012e+001    2.64463225306146e+001
7.94328234724267e+006   -7.18680243487239e+000    -6.40534814775055e+001    -8.11795904049442e+001    2.59240637266344e+001
8.12830516164084e+006   -7.34923925590217e+000    -6.45685850013795e+001    -8.11420272437700e+001    2.54091720301132e+001
8.31763771102655e+006   -7.51306084230394e+000    -6.50762492117147e+001    -8.11058488474069e+001    2.49017078535967e+001
8.51138038202361e+006   -7.67822709300589e+000    -6.55764240879531e+001    -8.10710151148196e+001    2.44017213238516e+001
8.70963589956064e+006   -7.84469825987477e+000    -6.60690695432089e+001    -8.10374862979168e+001    2.39092526274375e+001
8.91250938133729e+006   -8.01243500888450e+000    -6.65541550650172e+001    -8.10052230627029e+001    2.34243323706225e+001
9.12010839355893e+006   -8.18139847644381e+000    -6.70316593430127e+001    -8.09741865456120e+001    2.29469819513584e+001
9.33254300796974e+006   -8.35155032074911e+000    -6.75015698890935e+001    -8.09443384048932e+001    2.24772139393498e+001
9.54992586021418e+006   -8.52285276848470e+000    -6.79638826490587e+001    -8.09156408672428e+001    2.20150324643300e+001
9.77237220955792e+006   -8.69526865674534e+000    -6.84186016117534e+001    -8.08880567697969e+001    2.15604336071262e+001
9.99999999999981e+006   -8.86876147052075e+000    -6.88657384147351e+001    -8.08615495975715e+001    2.11134057939017e+001
1.02329299228073e+007   -9.04329537576976e+000    -6.93053119504765e+001    -8.08360835165631e+001    2.06739301897884e+001
1.04712854805088e+007   -9.21883524830302e+000    -6.97373479741788e+001    -8.08116234025984e+001    2.02419810917059e+001
1.07151930523759e+007   -9.39534669866308e+000    -7.01618787147435e+001    -8.07881348662573e+001    1.98175263166929e+001
1.09647819614316e+007   -9.57279609317096e+000    -7.05789424907977e+001    -8.07655842738890e+001    1.94005275863861e+001
1.12201845430194e+007   -9.75115057134788e+000    -7.09885833329636e+001    -8.07439387650366e+001    1.89909409049177e+001
1.14815362149686e+007   -9.93037805995099e+000    -7.13908506128788e+001    -8.07231662664945e+001    1.85887169290994e+001
1.17489755493951e+007   -1.01104472837466e+001    -7.17857986815509e+001    -8.07032355030451e+001    1.81938013309960e+001
1.20226443461739e+007   -1.02913277733116e+001    -7.21734865163760e+001    -8.06841160052980e+001    1.78061351503278e+001
1.23026877081236e+007   -1.04729898700228e+001    -7.25539773784374e+001    -8.06657781146596e+001    1.74256551376444e+001
1.25892541179414e+007   -1.06554047284624e+001    -7.29273384802072e+001    -8.06481929857330e+001    1.70522940861489e+001
1.28824955169311e+007   -1.08385443164139e+001    -7.32936406646655e+001    -8.06313325863387e+001    1.66859811527828e+001
1.31825673855638e+007   -1.10223814126573e+001    -7.36529580959586e+001    -8.06151696952706e+001    1.63266421677788e+001
1.34896288259163e+007   -1.12068896027407e+001    -7.40053679621445e+001    -8.05996778981078e+001    1.59741999318306e+001
1.38038426460286e+007   -1.13920432729551e+001    -7.43509501891834e+001    -8.05848315811733e+001    1.56285745015918e+001
1.41253754462273e+007   -1.15778176026057e+001    -7.46897871681730e+001    -8.05706059237955e+001    1.52896834631168e+001
1.44543977074590e+007   -1.17641885548219e+001    -7.50219634941050e+001    -8.05569768891341e+001    1.49574421927072e+001
1.47910838816818e+007   -1.19511328660231e+001    -7.53475657171444e+001    -8.05439212136331e+001    1.46317641058108e+001
1.51356124843618e+007   -1.21386280341994e+001    -7.56666821060908e+001    -8.05314163953096e+001    1.43125608935158e+001
1.54881661891245e+007   -1.23266523061766e+001    -7.59794024232322e+001    -8.05194406810230e+001    1.39997427473075e+001
1.58489319246108e+007   -1.25151846639339e+001    -7.62858177120612e+001    -8.05079730527783e+001    1.36932185719450e+001
1.62181009735890e+007   -1.27042048101829e+001    -7.65860200954484e+001    -8.04969932133195e+001    1.33928961867245e+001
1.65958690743753e+007   -1.28936931532471e+001    -7.68801025861103e+001    -8.04864815709962e+001    1.30986825154394e+001
1.69824365246171e+007   -1.30836307914212e+001    -7.71681589071373e+001    -8.04764192241370e+001    1.28104837653445e+001
1.73780082874934e+007   -1.32739994968434e+001    -7.74502833241292e+001    -8.04667879449138e+001    1.25282055952999e+001
1.77827941003889e+007   -1.34647816990254e+001    -7.77265704872099e+001    -8.04575701628664e+001    1.22517532737384e+001
1.81970085860995e+007   -1.36559604681051e+001    -7.79971152831233e+001    -8.04487489481666e+001    1.19810318263645e+001
1.86208713666283e+007   -1.38475194978999e+001    -7.82620126970532e+001    -8.04403079946692e+001    1.17159461742264e+001
1.90546071796321e+007   -1.40394430888298e+001    -7.85213576839488e+001    -8.04322316028288e+001    1.14564012626251e+001
1.94984459975801e+007   -1.42317161307967e+001    -7.87752450482602e+001    -8.04245046625828e+001    1.12023021811436e+001
1.99526231496884e+007   -1.44243240860446e+001    -7.90237693328411e+001    -8.04171126362131e+001    1.09535542746173e+001
2.04173794466949e+007   -1.46172529720851e+001    -7.92670247156288e+001    -8.04100415412696e+001    1.07100632465826e+001
2.08929613085400e+007   -1.48104893447192e+001    -7.95051049142823e+001    -8.04032779335955e+001    1.04717352544329e+001
2.13796208950219e+007   -1.50040202812085e+001    -7.97381030980761e+001    -8.03968088904936e+001    1.02384769974208e+001
2.18776162394951e+007   -1.51978333636111e+001    -7.99661118074562e+001    -8.03906219940650e+001    1.00101957973431e+001
2.23872113856830e+007   -1.53919166623644e+001    -8.01892228792007e+001    -8.03847053147915e+001    9.78679967286687e+000
2.29086765276773e+007   -1.55862587200761e+001    -8.04075273792803e+001    -8.03790473953278e+001    9.56819740691581e+000
2.34422881531988e+007   -1.57808485356146e+001    -8.06211155406446e+001    -8.03736372345913e+001    9.35429860859764e+000
2.39883291901944e+007   -1.59756755484744e+001    -8.08300767074160e+001    -8.03684642721259e+001    9.14501376917259e+000
2.45470891568498e+007   -1.61707296234615e+001    -8.10344992840697e+001    -8.03635183727911e+001    8.94025431248619e+000
2.51188643150953e+007   -1.63660010357028e+001    -8.12344706898288e+001    -8.03587898117660e+001    8.73993264075191e+000
2.57039578276881e+007   -1.65614804559940e+001    -8.14300773178651e+001    -8.03542692599050e+001    8.54396217503380e+000
2.63026799189533e+007   -1.67571589364982e+001    -8.16214044989869e+001    -8.03499477694305e+001    8.35225739160136e+000
2.69153480392686e+007   -1.69530278968074e+001    -8.18085364693402e+001    -8.03458167599945e+001    8.16473385415182e+000
2.75422870333811e+007   -1.71490791103629e+001    -8.19915563422968e+001    -8.03418680051036e+001    7.98130824169859e+000
2.81838293126440e+007   -1.73453046912459e+001    -8.21705460839662e+001    -8.03380936189058e+001    7.80189837295839e+000
2.88403150312655e+007   -1.75416970813409e+001    -8.23455864921101e+001    -8.03344860433554e+001    7.62642322742930e+000
2.95120922666633e+007   -1.77382490378706e+001    -8.25167571782973e+001    -8.03310380357476e+001    7.45480296303508e+000
3.01995172040196e+007   -1.79349536213012e+001    -8.26841365531355e+001    -8.03277426566252e+001    7.28695893083679e+000
3.09029543251353e+007   -1.81318041836206e+001    -8.28478018141786e+001    -8.03245932580548e+001    7.12281368687180e+000
3.16227766016832e+007   -1.83287943569825e+001    -8.30078289365128e+001    -8.03215834722733e+001    6.96229100157754e+000
3.23593656929622e+007   -1.85259180427127e+001    -8.31642926658331e+001    -8.03187072006937e+001    6.80531586649375e+000
3.31131121482584e+007   -1.87231694006799e+001    -8.33172665135146e+001    -8.03159586032746e+001    6.65181449909382e+000
3.38844156139196e+007   -1.89205428390148e+001    -8.34668227540584e+001    -8.03133320882418e+001    6.50171434519909e+000
3.46736850452525e+007   -1.91180330041831e+001    -8.36130324241582e+001    -8.03108223021597e+001    6.35494407970289e+000
3.54813389233568e+007   -1.93156347713969e+001    -8.37559653237549e+001    -8.03084241203442e+001    6.21143360540965e+000
3.63078054770094e+007   -1.95133432353622e+001    -8.38956900186431e+001    -8.03061326376084e+001    6.07111405034520e+000
3.71535229097165e+007   -1.97111537013565e+001    -8.40322738444622e+001    -8.03039431593441e+001    5.93391776344089e+000
3.80189396320554e+007   -1.99090616766257e+001    -8.41657829121723e+001    -8.03018511929144e+001    5.79977830900779e+000
3.89045144994273e+007   -2.01070628620939e+001    -8.42962821147136e+001    -8.02998524393679e+001    5.66863045982447e+000
3.98107170553489e+007   -2.03051531443771e+001    -8.44238351349596e+001    -8.02979427854496e+001    5.54041018916760e+000
4.07380277804104e+007   -2.05033285880986e+001    -8.45485044543578e+001    -8.02961182959177e+001    5.41505466174043e+000
4.16869383470327e+007   -2.07015854284869e+001    -8.46703513629013e+001    -8.02943752061427e+001    5.29250222378728e+000
4.26579518801584e+007   -2.08999200642594e+001    -8.47894359696698e+001    -8.02927099149903e+001    5.17269239208251e+000
4.36515832240157e+007   -2.10983290507759e+001    -8.49058172142547e+001    -8.02911189779752e+001    5.05556584252756e+000
4.46683592150954e+007   -2.12968090934565e+001    -8.50195528788859e+001    -8.02895991006797e+001    4.94106439773471e+000
4.57088189614866e+007   -2.14953570414566e+001    -8.51306996010836e+001    -8.02881471324288e+001    4.82913101417372e+000
4.67735141287189e+007   -2.16939698815899e+001    -8.52393128868185e+001    -8.02867600602136e+001    4.71970976875372e+000
4.78630092322629e+007   -2.18926447324886e+001    -8.53454471243743e+001    -8.02854350028527e+001    4.61274584480470e+000
4.89778819368436e+007   -2.20913788389988e+001    -8.54491555983633e+001    -8.02841692053869e+001    4.50818551776750e+000
5.01187233627262e+007   -2.22901695667979e+001    -8.55504905042643e+001    -8.02829600336964e+001    4.40597614059940e+000
5.12861383991354e+007   -2.24890143972298e+001    -8.56495029631484e+001    -8.02818049693392e+001    4.30606612847706e+000
5.24807460249762e+007   -2.26879109223475e+001    -8.57462430368285e+001    -8.02807016045911e+001    4.20840494375651e+000
5.37031796370242e+007   -2.28868568401585e+001    -8.58407597430236e+001    -8.02796476376934e+001    4.11294308030780e+000
5.49540873857613e+007   -2.30858499500635e+001    -8.59331010709106e+001    -8.02786408682911e+001    4.01963204781952e+000
5.62341325190337e+007   -2.32848881484821e+001    -8.60233139966792e+001    -8.02776791930597e+001    3.92842435599584e+000
5.75439937337145e+007   -2.34839694246612e+001    -8.61114444991097e+001    -8.02767606015148e+001    3.83927349853078e+000
5.88843655355577e+007   -2.36830918566522e+001    -8.61975375755498e+001    -8.02758831719876e+001    3.75213393716400e+000
6.02559586074345e+007   -2.38822536074612e+001    -8.62816372575067e+001    -8.02750450677782e+001    3.66696108550163e+000
6.16595001861469e+007   -2.40814529213550e+001    -8.63637866265583e+001    -8.02742445334609e+001    3.58371129295468e+000
6.30957344480180e+007   -2.42806881203244e+001    -8.64440278301555e+001    -8.02734798913486e+001    3.50234182862375e+000
6.45654229034642e+007   -2.44799576006954e+001    -8.65224020973561e+001    -8.02727495381043e+001    3.42281086523507e+000
6.60693448007582e+007   -2.46792598298832e+001    -8.65989497544970e+001    -8.02720519414962e+001    3.34507746314059e+000
6.76082975391968e+007   -2.48785933432833e+001    -8.66737102409381e+001    -8.02713856372891e+001    3.26910155430875e+000
6.91830970918922e+007   -2.50779567412945e+001    -8.67467221244898e+001    -8.02707492262689e+001    3.19484392649906e+000
7.07945784384123e+007   -2.52773486864693e+001    -8.68180231168740e+001    -8.02701413713931e+001    3.12226620748864e+000
7.24435960074975e+007   -2.54767679007843e+001    -8.68876500890258e+001    -8.02695607950624e+001    3.05133084939011e+000
7.41310241300902e+007   -2.56762131630283e+001    -8.69556390862907e+001    -8.02690062765096e+001    2.98200111316755e+000
7.58577575029168e+007   -2.58756833063022e+001    -8.70220253433689e+001    -8.02684766493006e+001    2.91424105321450e+000
7.76247116628675e+007   -2.60751772156253e+001    -8.70868432992716e+001    -8.02679707989418e+001    2.84801550216316e+000
7.94328234724265e+007   -2.62746938256468e+001    -8.71501266118697e+001    -8.02674876605917e+001    2.78329005579463e+000
8.12830516164082e+007   -2.64742321184528e+001    -8.72119081725153e+001    -8.02670262168704e+001    2.72003105812243e+000
8.31763771102654e+007   -2.66737911214709e+001    -8.72722201203173e+001    -8.02665854957642e+001    2.65820558671850e+000
8.51138038202359e+007   -2.68733699054638e+001    -8.73310938562354e+001    -8.02661645686211e+001    2.59778143810614e+000
8.70963589956062e+007   -2.70729675826099e+001    -8.73885600570843e+001    -8.02657625482323e+001    2.53872711345792e+000
8.91250938133727e+007   -2.72725833046688e+001    -8.74446486891632e+001    -8.02653785869988e+001    2.48101180442773e+000
9.12010839355890e+007   -2.74722162612239e+001    -8.74993890218523e+001    -8.02650118751758e+001    2.42460537916320e+000
9.33254300796971e+007   -2.76718656780042e+001    -8.75528096408519e+001    -8.02646616391958e+001    2.36947836859786e+000
9.54992586021416e+007   -2.78715308152775e+001    -8.76049384612896e+001    -8.02643271400630e+001    2.31560195284892e+000
9.77237220955790e+007   -2.80712109663141e+001    -8.76558027406028e+001    -8.02640076718190e+001    2.26294794791654e+000
9.99999999999979e+007   -2.82709054559180e+001    -8.77054290911549e+001    -8.02637025600755e+001    2.21148879249889e+000
1.02329299228073e+008   -2.84706136390224e+001    -8.77538434926850e+001    -8.02634111606110e+001    2.16119753510691e+000
1.04712854805088e+008   -2.86703348993461e+001    -8.78010713044649e+001    -8.02631328580298e+001    2.11204782133895e+000
1.07151930523758e+008   -2.88700686481088e+001    -8.78471372773371e+001    -8.02628670644789e+001    2.06401388136407e+000
1.09647819614316e+008   -2.90698143228038e+001    -8.78920655654066e+001    -8.02626132184223e+001    2.01707051764958e+000
1.12201845430194e+008   -2.92695713860233e+001    -8.79358797375919e+001    -8.02623707834688e+001    1.97119309287560e+000
1.14815362149686e+008   -2.94693393243360e+001    -8.79786027889218e+001    -8.02621392472514e+001    1.92635751808096e+000
1.17489755493950e+008   -2.96691176472138e+001    -8.80202571516006e+001    -8.02619181203567e+001    1.88254024099950e+000
1.20226443461739e+008   -2.98689058860059e+001    -8.80608647058511e+001    -8.02617069353010e+001    1.83971823459684e+000
1.23026877081236e+008   -3.00687035929576e+001    -8.81004467905944e+001    -8.02615052455516e+001    1.79786898588324e+000
1.25892541179414e+008   -3.02685103402727e+001    -8.81390242137672e+001    -8.02613126245921e+001    1.75697048486307e+000
1.28824955169311e+008   -3.04683257192172e+001    -8.81766172625710e+001    -8.02611286650283e+001    1.71700121369390e+000
1.31825673855638e+008   -3.06681493392622e+001    -8.82132457134058e+001    -8.02609529777345e+001    1.67794013610090e+000
1.34896288259162e+008   -3.08679808272645e+001    -8.82489288416297e+001    -8.02607851910366e+001    1.63976668695520e+000
1.38038426460286e+008   -3.10678198266834e+001    -8.82836854310851e+001    -8.02606249499325e+001    1.60246076205897e+000
1.41253754462272e+008   -3.12676659968326e+001    -8.83175337833855e+001    -8.02604719153468e+001    1.56600270813735e+000
1.44543977074590e+008   -3.14675190121637e+001    -8.83504917270729e+001    -8.02603257634178e+001    1.53037331300874e+000
1.47910838816818e+008   -3.16673785615825e+001    -8.83825766264402e+001    -8.02601861848178e+001    1.49555379597059e+000
1.51356124843618e+008   -3.18672443477944e+001    -8.84138053902837e+001    -8.02600528841018e+001    1.46152579836569e+000
1.54881661891245e+008   -3.20671160866799e+001    -8.84441944803097e+001    -8.02599255790868e+001    1.42827137433466e+000
1.58489319246108e+008   -3.22669935066957e+001    -8.84737599194522e+001    -8.02598040002577e+001    1.39577298177080e+000
1.62181009735889e+008   -3.24668763483039e+001    -8.85025172999344e+001    -8.02596878901999e+001    1.36401347343297e+000
1.65958690743752e+008   -3.26667643634249e+001    -8.85304817911145e+001    -8.02595770030577e+001    1.33297608824457e+000
1.69824365246171e+008   -3.28666573149152e+001    -8.85576681471842e+001    -8.02594711040159e+001    1.30264444281386e+000
1.73780082874934e+008   -3.30665549760678e+001    -8.85840907146168e+001    -8.02593699688056e+001    1.27300252305657e+000
1.77827941003888e+008   -3.32664571301338e+001    -8.86097634394832e+001    -8.02592733832310e+001    1.24403467604314e+000
1.81970085860994e+008   -3.34663635698659e+001    -8.86346998745126e+001    -8.02591811427181e+001    1.21572560202039e+000
1.86208713666283e+008   -3.36662740970812e+001    -8.86589131860187e+001    -8.02590930518832e+001    1.18806034655400e+000
1.90546071796321e+008   -3.38661885222429e+001    -8.86824161606080e+001    -8.02590089241210e+001    1.16102429287161e+000
1.94984459975800e+008   -3.40661066640608e+001    -8.87052212116960e+001    -8.02589285812105e+001    1.13460315437500e+000
1.99526231496884e+008   -3.42660283491083e+001    -8.87273403858952e+001    -8.02588518529391e+001    1.10878296727911e+000
2.04173794466948e+008   -3.44659534114564e+001    -8.87487853691635e+001    -8.02587785767434e+001    1.08355008341506e+000
2.08929613085399e+008   -3.46658816923233e+001    -8.87695674928126e+001    -8.02587085973656e+001    1.05889116322013e+000
2.13796208950219e+008   -3.48658130397391e+001    -8.87896977393195e+001    -8.02586417665259e+001    1.03479316882978e+000
2.18776162394950e+008   -3.50657473082247e+001    -8.88091867479702e+001    -8.02585779426095e+001    1.01124335735607e+000
2.23872113856829e+008   -3.52656843584847e+001    -8.88280448203687e+001    -8.02585169903669e+001    9.88229274267870e-001
2.29086765276772e+008   -3.54656240571127e+001    -8.88462819257114e+001    -8.02584587806286e+001    9.65738746975628e-001
2.34422881531987e+008   -3.56655662763092e+001    -8.88639077059629e+001    -8.02584031900317e+001    9.43759878489230e-001
2.39883291901944e+008   -3.58655108936121e+001    -8.88809314808085e+001    -8.02583501007595e+001    9.22281041252117e-001
2.45470891568498e+008   -3.60654577916372e+001    -8.88973622525018e+001    -8.02582994002924e+001    9.01290871103285e-001
2.51188643150952e+008   -3.62654068578300e+001    -8.89132087104873e+001    -8.02582509811697e+001    8.80778261364110e-001
2.57039578276881e+008   -3.64653579842279e+001    -8.89284792359446e+001    -8.02582047407625e+001    8.60732357064964e-001
2.63026799189532e+008   -3.66653110672319e+001    -8.89431819061012e+001    -8.02581605810569e+001    8.41142549270830e-001
2.69153480392686e+008   -3.68652660073870e+001    -8.89573244984246e+001    -8.02581184084463e+001    8.21998469571554e-001
2.75422870333810e+008   -3.70652227091721e+001    -8.89709144946772e+001    -8.02580781335335e+001    8.03289984663605e-001
2.81838293126439e+008   -3.72651810807978e+001    -8.89839590847904e+001    -8.02580396709417e+001    7.85007191049473e-001
2.88403150312654e+008   -3.74651410340123e+001    -8.89964651706058e+001    -8.02580029391337e+001    7.67140409875464e-001
2.95120922666632e+008   -3.76651024839141e+001    -8.90084393694591e+001    -8.02579678602394e+001    7.49680181874612e-001
3.01995172040195e+008   -3.78650653487731e+001    -8.90198880176390e+001    -8.02579343598910e+001    7.32617262399557e-001
3.09029543251352e+008   -3.80650295498566e+001    -8.90308171736603e+001    -8.02579023670653e+001    7.15942616598741e-001
3.16227766016831e+008   -3.82649950112634e+001    -8.90412326214558e+001    -8.02578718139340e+001    6.99647414682980e-001
3.23593656929621e+008   -3.84649616597629e+001    -8.90511398733581e+001    -8.02578426357194e+001    6.83723027285426e-001
3.31131121482584e+008   -3.86649294246396e+001    -8.90605441729926e+001    -8.02578147705579e+001    6.68161020948561e-001
3.38844156139195e+008   -3.88648982375438e+001    -8.90694504980139e+001    -8.02577881593683e+001    6.52953153694445e-001
3.46736850452524e+008   -3.90648680323469e+001    -8.90778635626949e+001    -8.02577627457273e+001    6.38091370706546e-001
3.54813389233567e+008   -3.92648387450007e+001    -8.90857878203880e+001    -8.02577384757497e+001    6.23567800083033e-001
3.63078054770093e+008   -3.94648103134025e+001    -8.90932274658645e+001    -8.02577152979745e+001    6.09374748722374e-001
3.71535229097164e+008   -3.96647826772630e+001    -8.91001864374911e+001    -8.02576931632555e+001    5.95504698259723e-001
3.80189396320553e+008   -3.98647557779788e+001    -8.91066684192974e+001    -8.02576720246577e+001    5.81950301131223e-001
3.89045144994272e+008   -4.00647295585083e+001    -8.91126768429008e+001    -8.02576518373574e+001    5.68704376697362e-001
3.98107170553488e+008   -4.02647039632505e+001    -8.91182148892940e+001    -8.02576325585477e+001    5.55759907468331e-001
4.07380277804103e+008   -4.04646789379276e+001    -8.91232854905219e+001    -8.02576141473475e+001    5.43110035418436e-001
4.16869383470326e+008   -4.06646544294696e+001    -8.91278913312045e+001    -8.02575965647150e+001    5.30748058356838e-001
4.26579518801583e+008   -4.08646303859024e+001    -8.91320348499442e+001    -8.02575797733648e+001    5.18667426417441e-001
4.36515832240156e+008   -4.10646067562368e+001    -8.91357182406067e+001    -8.02575637376893e+001    5.06861738593767e-001
4.46683592150953e+008   -4.12645834903612e+001    -8.91389434534641e+001    -8.02575484236827e+001    4.95324739372663e-001
4.57088189614864e+008   -4.14645605389350e+001    -8.91417121962221e+001    -8.02575337988696e+001    4.84050315437772e-001
4.67735141287187e+008   -4.16645378532843e+001    -8.91440259349051e+001    -8.02575198322356e+001    4.73032492435367e-001
4.78630092322627e+008   -4.18645153852982e+001    -8.91458858946363e+001    -8.02575064941617e+001    4.62265431840194e-001
4.89778819368435e+008   -4.20644930873277e+001    -8.91472930602632e+001    -8.02574937563618e+001    4.51743427865274e-001
5.01187233627261e+008   -4.22644709120837e+001    -8.91482481768955e+001    -8.02574815918224e+001    4.41460904447946e-001
5.12861383991353e+008   -4.24644488125374e+001    -8.91487517502682e+001    -8.02574699747457e+001    4.31412412312891e-001
5.24807460249761e+008   -4.26644267418207e+001    -8.91488040470355e+001    -8.02574588804945e+001    4.21592626094868e-001
5.37031796370240e+008   -4.28644046531262e+001    -8.91484050948846e+001    -8.02574482855405e+001    4.11996341527338e-001
5.49540873857612e+008   -4.30643824996087e+001    -8.91475546825678e+001    -8.02574381674138e+001    4.02618472691444e-001
5.62341325190336e+008   -4.32643602342854e+001    -8.91462523597839e+001    -8.02574285046558e+001    3.93454049329725e-001
5.75439937337144e+008   -4.34643378099367e+001    -8.91444974369461e+001    -8.02574192767735e+001    3.84498214225365e-001
5.88843655355575e+008   -4.36643151790058e+001    -8.91422889848125e+001    -8.02574104641960e+001    3.75746220630653e-001
6.02559586074344e+008   -4.38642922934980e+001    -8.91396258340124e+001    -8.02574020482331e+001    3.67193429758963e-001
6.16595001861468e+008   -4.40642691048790e+001    -8.91365065744261e+001    -8.02573940110358e+001    3.58835308336577e-001
6.30957344480179e+008   -4.42642455639719e+001    -8.91329295544451e+001    -8.02573863355580e+001    3.50667426202542e-001
6.45654229034641e+008   -4.44642216208533e+001    -8.91288928801103e+001    -8.02573790055210e+001    3.42685453968199e-001
6.60693448007581e+008   -4.46641972247471e+001    -8.91243944141174e+001    -8.02573720053784e+001    3.34885160729105e-001
6.76082975391966e+008   -4.48641723239170e+001    -8.91194317747044e+001    -8.02573653202836e+001    3.27262411824767e-001
6.91830970918920e+008   -4.50641468655571e+001    -8.91140023343967e+001    -8.02573589360581e+001    3.19813166656949e-001
7.07945784384121e+008   -4.52641207956796e+001    -8.91081032186374e+001    -8.02573528391612e+001    3.12533476545756e-001
7.24435960074973e+008   -4.54640940590008e+001    -8.91017313042818e+001    -8.02573470166620e+001    3.05419482642370e-001
7.41310241300900e+008   -4.56640665988235e+001    -8.90948832179632e+001    -8.02573414562110e+001    2.98467413897483e-001
7.58577575029166e+008   -4.58640383569173e+001    -8.90875553343289e+001    -8.02573361460150e+001    2.91673585050230e-001
7.76247116628673e+008   -4.60640092733950e+001    -8.90797437741430e+001    -8.02573310748110e+001    2.85034394687148e-001
7.94328234724263e+008   -4.62639792865857e+001    -8.90714444022637e+001    -8.02573262318434e+001    2.78546323339577e-001
8.12830516164080e+008   -4.64639483329042e+001    -8.90626528254762e+001    -8.02573216068401e+001    2.72205931611342e-001
8.31763771102651e+008   -4.66639163467164e+001    -8.90533643902031e+001    -8.02573171899917e+001    2.66009858368239e-001
8.51138038202356e+008   -4.68638832602001e+001    -8.90435741800716e+001    -8.02573129719300e+001    2.59954818946016e-001
8.70963589956060e+008   -4.70638490032014e+001    -8.90332770133454e+001    -8.02573089437085e+001    2.54037603429102e-001
8.91250938133724e+008   -4.72638135030864e+001    -8.90224674402273e+001    -8.02573050967834e+001    2.48255074935153e-001
9.12010839355888e+008   -4.74637766845868e+001    -8.90111397400094e+001    -8.02573014229952e+001    2.42604167965781e-001
9.33254300796969e+008   -4.76637384696411e+001    -8.89992879180959e+001    -8.02572979145519e+001    2.37081886773865e-001
9.54992586021413e+008   -4.78636987772291e+001    -8.89869057028775e+001    -8.02572945640118e+001    2.31685303785275e-001
9.77237220955787e+008   -4.80636575232002e+001    -8.89739865424665e+001    -8.02572913642685e+001    2.26411558043440e-001
1.00000000000000e+009   -4.82636146200957e+001    -8.89605236012825e+001    -8.02572883085352e+001    2.21257853697476e-001