time	V(be)	V(ce)	Ib(Q1)	Ic(Q1)	Ie(Q1)
0.000000000000000e+000	6.033971e-001	2.319347e+000	9.224142e-007	2.680653e-004	-2.689877e-004
2.047999885235186e-007	6.034019e-001	2.318938e+000	9.298520e-007	2.681063e-004	-2.690361e-004
1.031071992655052e-004	6.063854e-001	2.011264e+000	1.040729e-006	2.988736e-004	-2.999143e-004
1.531071992655052e-004	6.074597e-001	1.892556e+000	1.081920e-006	3.107444e-004	-3.118264e-004
1.931071992655052e-004	6.080365e-001	1.826980e+000	1.103674e-006	3.173021e-004	-3.184057e-004
2.331071992655052e-004	6.083220e-001	1.794030e+000	1.113222e-006	3.205971e-004	-3.217103e-004
2.631071992655052e-004	6.083336e-001	1.792681e+000	1.111785e-006	3.207320e-004	-3.218438e-004
3.031071992655053e-004	6.080779e-001	1.822171e+000	1.098575e-006	3.177829e-004	-3.188815e-004
3.431071992655054e-004	6.075282e-001	1.884735e+000	1.073704e-006	3.115265e-004	-3.126002e-004
3.931071992655055e-004	6.064817e-001	2.000678e+000	1.029777e-006	2.999323e-004	-3.009620e-004
4.831071992655058e-004	6.039240e-001	2.267158e+000	9.328047e-007	2.732842e-004	-2.742170e-004
5.631071992655060e-004	6.014837e-001	2.500369e+000	8.508226e-007	2.499631e-004	-2.508140e-004
6.231071992655061e-004	5.999334e-001	2.638556e+000	8.036266e-007	2.361444e-004	-2.369480e-004
6.731071992655063e-004	5.990056e-001	2.717743e+000	7.774947e-007	2.282257e-004	-2.290032e-004
7.231071992655064e-004	5.985078e-001	2.759185e+000	7.649032e-007	2.240815e-004	-2.248464e-004
7.731071992655065e-004	5.984889e-001	2.760763e+000	7.664444e-007	2.239238e-004	-2.246902e-004
8.231071992655067e-004	5.989507e-001	2.722402e+000	7.820515e-007	2.277599e-004	-2.285420e-004
8.731071992655068e-004	5.998478e-001	2.646053e+000	8.109836e-007	2.353947e-004	-2.362057e-004
9.331071992655070e-004	6.013724e-001	2.510651e+000	8.609862e-007	2.489349e-004	-2.497958e-004
1.023107199265507e-003	6.041123e-001	2.248463e+000	9.561679e-007	2.751536e-004	-2.761098e-004
1.103107199265507e-003	6.063854e-001	2.011264e+000	1.040729e-006	2.988736e-004	-2.999143e-004
1.153107199265508e-003	6.074597e-001	1.892556e+000	1.081921e-006	3.107444e-004	-3.118264e-004
1.193107199265508e-003	6.080365e-001	1.826980e+000	1.103674e-006	3.173021e-004	-3.184057e-004
1.233107199265508e-003	6.083220e-001	1.794030e+000	1.113222e-006	3.205971e-004	-3.217103e-004
1.263107199265508e-003	6.083336e-001	1.792681e+000	1.111784e-006	3.207320e-004	-3.218438e-004
1.303107199265508e-003	6.080779e-001	1.822171e+000	1.098575e-006	3.177829e-004	-3.188815e-004
1.343107199265508e-003	6.075282e-001	1.884735e+000	1.073704e-006	3.115265e-004	-3.126002e-004
1.393107199265508e-003	6.064817e-001	2.000678e+000	1.029777e-006	2.999322e-004	-3.009620e-004
1.483107199265508e-003	6.039240e-001	2.267157e+000	9.328047e-007	2.732842e-004	-2.742170e-004
1.563107199265509e-003	6.014837e-001	2.500369e+000	8.508226e-007	2.499631e-004	-2.508140e-004
1.623107199265509e-003	5.999334e-001	2.638556e+000	8.036266e-007	2.361444e-004	-2.369480e-004
1.673107199265509e-003	5.990056e-001	2.717743e+000	7.774947e-007	2.282257e-004	-2.290032e-004
1.723107199265509e-003	5.985078e-001	2.759185e+000	7.649032e-007	2.240815e-004	-2.248464e-004
1.773107199265509e-003	5.984889e-001	2.760763e+000	7.664444e-007	2.239238e-004	-2.246902e-004
1.823107199265509e-003	5.989507e-001	2.722401e+000	7.820515e-007	2.277599e-004	-2.285420e-004
1.873107199265509e-003	5.998478e-001	2.646053e+000	8.109836e-007	2.353947e-004	-2.362057e-004
1.933107199265510e-003	6.013724e-001	2.510651e+000	8.609862e-007	2.489349e-004	-2.497958e-004
1.993107199265510e-003	6.031806e-001	2.340457e+000	9.229523e-007	2.659542e-004	-2.668772e-004
2.000000000000000e-003	6.033953e-001	2.319589e+000	9.305056e-007	2.680411e-004	-2.689716e-004
0.000000000000000e+000	6.033971e-001	2.319347e+000	9.224142e-007	2.680653e-004	-2.689877e-004
1.023999942617593e-007	6.034009e-001	2.319057e+000	9.339020e-007	2.680942e-004	-2.690282e-004
8.191999540940742e-007	6.034446e-001	2.314829e+000	9.404395e-007	2.685171e-004	-2.694575e-004
1.031071992655052e-004	6.093704e-001	1.670212e+000	1.174578e-006	3.329786e-004	-3.341532e-004
1.331071992655052e-004	6.107429e-001	1.501501e+000	1.234831e-006	3.498498e-004	-3.510846e-004
1.631071992655052e-004	6.118552e-001	1.358962e+000	1.284681e-006	3.641038e-004	-3.653885e-004
1.831071992655052e-004	6.124324e-001	1.282877e+000	1.310441e-006	3.717124e-004	-3.730228e-004
2.031071992655052e-004	6.128672e-001	1.224571e+000	1.329246e-006	3.775432e-004	-3.788724e-004
2.231071992655052e-004	6.131530e-001	1.185785e+000	1.340498e-006	3.814218e-004	-3.827623e-004
2.431071992655052e-004	6.132851e-001	1.167703e+000	1.343855e-006	3.832300e-004	-3.845739e-004
2.631071992655052e-004	6.132616e-001	1.170886e+000	1.339248e-006	3.829118e-004	-3.842510e-004
2.831071992655052e-004	6.130829e-001	1.195239e+000	1.326878e-006	3.804764e-004	-3.818032e-004
3.031071992655053e-004	6.127515e-001	1.240018e+000	1.307187e-006	3.759984e-004	-3.773057e-004
3.231071992655054e-004	6.122728e-001	1.303866e+000	1.280828e-006	3.696136e-004	-3.708944e-004
3.431071992655054e-004	6.116542e-001	1.384893e+000	1.248618e-006	3.615108e-004	-3.627594e-004
3.731071992655055e-004	6.104855e-001	1.533470e+000	1.191418e-006	3.466530e-004	-3.478444e-004
4.131071992655056e-004	6.085444e-001	1.767715e+000	1.104019e-006	3.232284e-004	-3.243324e-004
5.131071992655059e-004	6.025848e-001	2.397268e+000	8.788057e-007	2.602731e-004	-2.611519e-004
5.631071992655060e-004	5.995691e-001	2.669666e+000	7.847842e-007	2.330333e-004	-2.338181e-004
6.031071992655061e-004	5.974119e-001	2.847581e+000	7.246090e-007	2.152419e-004	-2.159665e-004
6.331071992655062e-004	5.960338e-001	2.954344e+000	6.891568e-007	2.045656e-004	-2.052548e-004
6.631071992655062e-004	5.949165e-001	3.037155e+000	6.622395e-007	1.962846e-004	-1.969469e-004
6.931071992655063e-004	5.940997e-001	3.095643e+000	6.438966e-007	1.904359e-004	-1.910798e-004
7.231071992655064e-004	5.936127e-001	3.129727e+000	6.340995e-007	1.870275e-004	-1.876616e-004
7.531071992655065e-004	5.934726e-001	3.139433e+000	6.328122e-007	1.860569e-004	-1.866897e-004
7.831071992655066e-004	5.936844e-001	3.124777e+000	6.400251e-007	1.875225e-004	-1.881625e-004
8.131071992655066e-004	5.942407e-001	3.085738e+000	6.557608e-007	1.914263e-004	-1.920821e-004
8.431071992655067e-004	5.951216e-001	3.022305e+000	6.800532e-007	1.977696e-004	-1.984497e-004
8.731071992655068e-004	5.962956e-001	2.934601e+000	7.128984e-007	2.065399e-004	-2.072528e-004
9.131071992655069e-004	5.982434e-001	2.780787e+000	7.697636e-007	2.219213e-004	-2.226911e-004
9.531071992655070e-004	6.005140e-001	2.587615e+000	8.406681e-007	2.412385e-004	-2.420791e-004
1.003107199265507e-003	6.035870e-001	2.300504e+000	9.456514e-007	2.699494e-004	-2.708951e-004
1.103107199265507e-003	6.093704e-001	1.670212e+000	1.174578e-006	3.329786e-004	-3.341532e-004
1.133107199265508e-003	6.107429e-001	1.501501e+000	1.234831e-006	3.498498e-004	-3.510846e-004
1.163107199265508e-003	6.118552e-001	1.358962e+000	1.284681e-006	3.641038e-004	-3.653885e-004
1.183107199265508e-003	6.124324e-001	1.282877e+000	1.310441e-006	3.717124e-004	-3.730229e-004
1.203107199265508e-003	6.128672e-001	1.224571e+000	1.329246e-006	3.775431e-004	-3.788724e-004
1.223107199265508e-003	6.131530e-001	1.185784e+000	1.340498e-006	3.814218e-004	-3.827623e-004
1.243107199265508e-003	6.132851e-001	1.167703e+000	1.343855e-006	3.832300e-004	-3.845739e-004
1.263107199265508e-003	6.132616e-001	1.170886e+000	1.339248e-006	3.829117e-004	-3.842510e-004
1.283107199265508e-003	6.130829e-001	1.195239e+000	1.326878e-006	3.804764e-004	-3.818033e-004
1.303107199265508e-003	6.127515e-001	1.240018e+000	1.307187e-006	3.759984e-004	-3.773056e-004
1.323107199265508e-003	6.122728e-001	1.303866e+000	1.280828e-006	3.696136e-004	-3.708944e-004
1.343107199265508e-003	6.116542e-001	1.384893e+000	1.248618e-006	3.615108e-004	-3.627594e-004
1.373107199265508e-003	6.104855e-001	1.533470e+000	1.191417e-006	3.466530e-004	-3.478444e-004
1.413107199265508e-003	6.085444e-001	1.767715e+000	1.104019e-006	3.232284e-004	-3.243324e-004
1.513107199265509e-003	6.025848e-001	2.397268e+000	8.788057e-007	2.602731e-004	-2.611519e-004
1.563107199265509e-003	5.995691e-001	2.669666e+000	7.847842e-007	2.330333e-004	-2.338181e-004
1.603107199265509e-003	5.974119e-001	2.847581e+000	7.246090e-007	2.152419e-004	-2.159666e-004
1.633107199265509e-003	5.960338e-001	2.954344e+000	6.891568e-007	2.045656e-004	-2.052548e-004
1.663107199265509e-003	5.949165e-001	3.037155e+000	6.622395e-007	1.962846e-004	-1.969469e-004
1.693107199265509e-003	5.940997e-001	3.095643e+000	6.438966e-007	1.904359e-004	-1.910798e-004
1.723107199265509e-003	5.936127e-001	3.129727e+000	6.340995e-007	1.870275e-004	-1.876616e-004
1.753107199265509e-003	5.934726e-001	3.139433e+000	6.328122e-007	1.860569e-004	-1.866897e-004
1.783107199265509e-003	5.936844e-001	3.124777e+000	6.400251e-007	1.875225e-004	-1.881625e-004
1.813107199265509e-003	5.942407e-001	3.085738e+000	6.557608e-007	1.914263e-004	-1.920821e-004
1.843107199265509e-003	5.951216e-001	3.022305e+000	6.800532e-007	1.977696e-004	-1.984497e-004
1.873107199265509e-003	5.962956e-001	2.934601e+000	7.128984e-007	2.065400e-004	-2.072529e-004
1.913107199265510e-003	5.982434e-001	2.780787e+000	7.697636e-007	2.219213e-004	-2.226911e-004
1.953107199265510e-003	6.005140e-001	2.587615e+000	8.406681e-007	2.412385e-004	-2.420791e-004
1.993107199265510e-003	6.029642e-001	2.361297e+000	9.234481e-007	2.638702e-004	-2.647937e-004
2.000000000000000e-003	6.033935e-001	2.319830e+000	9.385936e-007	2.680169e-004	-2.689555e-004
0.000000000000000e+000	6.033971e-001	2.319347e+000	9.224142e-007	2.680653e-004	-2.689877e-004
1.023999942617593e-007	6.034029e-001	2.318913e+000	9.396466e-007	2.681087e-004	-2.690484e-004
4.095999770470371e-007	6.034301e-001	2.316313e+000	9.477258e-007	2.683687e-004	-2.693165e-004
4.310719926550519e-005	6.073671e-001	1.902396e+000	1.101021e-006	3.097599e-004	-3.108609e-004
1.031071992655052e-004	6.123512e-001	1.293296e+000	1.326769e-006	3.706697e-004	-3.719965e-004
1.231071992655052e-004	6.137620e-001	1.101604e+000	1.397607e-006	3.898387e-004	-3.912363e-004
1.431071992655052e-004	6.150089e-001	9.245623e-001	1.462575e-006	4.075429e-004	-4.090054e-004
1.531071992655052e-004	6.155647e-001	8.432677e-001	1.492120e-006	4.156723e-004	-4.171644e-004
1.631071992655052e-004	6.160726e-001	7.676866e-001	1.519312e-006	4.232304e-004	-4.247497e-004
1.731071992655052e-004	6.165305e-001	6.984561e-001	1.543863e-006	4.301535e-004	-4.316974e-004
1.831071992655052e-004	6.169366e-001	6.361738e-001	1.565496e-006	4.363818e-004	-4.379473e-004
1.931071992655052e-004	6.172895e-001	5.813885e-001	1.583949e-006	4.418605e-004	-4.434444e-004
2.031071992655052e-004	6.175877e-001	5.345912e-001	1.598983e-006	4.465404e-004	-4.481394e-004
2.131071992655052e-004	6.178302e-001	4.962081e-001	1.610398e-006	4.503789e-004	-4.519893e-004
2.231071992655052e-004	6.180159e-001	4.665935e-001	1.618045e-006	4.533406e-004	-4.549587e-004
2.331071992655052e-004	6.181441e-001	4.460249e-001	1.621851e-006	4.553978e-004	-4.570197e-004
2.431071992655052e-004	6.182144e-001	4.346986e-001	1.621834e-006	4.565307e-004	-4.581525e-004
2.531071992655052e-004	6.182263e-001	4.327273e-001	1.618104e-006	4.567279e-004	-4.583460e-004
2.631071992655052e-004	6.181800e-001	4.401366e-001	1.610846e-006	4.559869e-004	-4.575978e-004
2.731071992655052e-004	6.180755e-001	4.568637e-001	1.600272e-006	4.543141e-004	-4.559143e-004
2.831071992655052e-004	6.179131e-001	4.827563e-001	1.586583e-006	4.517245e-004	-4.533111e-004
2.931071992655053e-004	6.176935e-001	5.175743e-001	1.569953e-006	4.482424e-004	-4.498124e-004
3.031071992655053e-004	6.174176e-001	5.609940e-001	1.550534e-006	4.439001e-004	-4.454507e-004
3.131071992655053e-004	6.170864e-001	6.126146e-001	1.528473e-006	4.387379e-004	-4.402664e-004
3.231071992655054e-004	6.167011e-001	6.719658e-001	1.503931e-006	4.328026e-004	-4.343065e-004
3.331071992655054e-004	6.162633e-001	7.385159e-001	1.477085e-006	4.261475e-004	-4.276246e-004
3.431071992655054e-004	6.157748e-001	8.116810e-001	1.448136e-006	4.188310e-004	-4.202791e-004
3.531071992655054e-004	6.152373e-001	8.908342e-001	1.417304e-006	4.109156e-004	-4.123329e-004
3.731071992655055e-004	6.140243e-001	1.064441e+000	1.350938e-006	3.935550e-004	-3.949059e-004
3.931071992655055e-004	6.126432e-001	1.253832e+000	1.279964e-006	3.746160e-004	-3.758959e-004
4.731071992655057e-004	6.059028e-001	2.062186e+000	9.878873e-007	2.937809e-004	-2.947688e-004
5.131071992655059e-004	6.021786e-001	2.435193e+000	8.577917e-007	2.564804e-004	-2.573382e-004
5.431071992655059e-004	5.994206e-001	2.681927e+000	7.732505e-007	2.318071e-004	-2.325804e-004
5.731071992655060e-004	5.968019e-001	2.895086e+000	7.012517e-007	2.104914e-004	-2.111926e-004
6.031071992655061e-004	5.944157e-001	3.072836e+000	6.420768e-007	1.927165e-004	-1.933585e-004
6.331071992655062e-004	5.923471e-001	3.215157e+000	5.954612e-007	1.784844e-004	-1.790799e-004
6.631071992655062e-004	5.906699e-001	3.323056e+000	5.608713e-007	1.676947e-004	-1.682555e-004
6.931071992655063e-004	5.894438e-001	3.397914e+000	5.377184e-007	1.602088e-004	-1.607466e-004
7.231071992655064e-004	5.887126e-001	3.441014e+000	5.255113e-007	1.558990e-004	-1.564245e-004
7.531071992655065e-004	5.885024e-001	3.453210e+000	5.239521e-007	1.546793e-004	-1.552033e-004
7.831071992655066e-004	5.888206e-001	3.434764e+000	5.329856e-007	1.565239e-004	-1.570569e-004
8.131071992655066e-004	5.896559e-001	3.385290e+000	5.528095e-007	1.614713e-004	-1.620241e-004
8.431071992655067e-004	5.909783e-001	3.303830e+000	5.838458e-007	1.696172e-004	-1.702011e-004
8.731071992655068e-004	5.927407e-001	3.189059e+000	6.266690e-007	1.810943e-004	-1.817209e-004
9.031071992655069e-004	5.948802e-001	3.039632e+000	6.818829e-007	1.960369e-004	-1.967188e-004
9.331071992655070e-004	5.973206e-001	2.854702e+000	7.499349e-007	2.145298e-004	-2.152798e-004
9.631071992655070e-004	5.999746e-001	2.634598e+000	8.308650e-007	2.365401e-004	-2.373710e-004
9.931071992655071e-004	6.027480e-001	2.381629e+000	9.239954e-007	2.618368e-004	-2.627608e-004
1.033107199265507e-003	6.064608e-001	2.002527e+000	1.063968e-006	2.997469e-004	-3.008108e-004
1.103107199265507e-003	6.123512e-001	1.293296e+000	1.326769e-006	3.706697e-004	-3.719964e-004
1.123107199265507e-003	6.137620e-001	1.101604e+000	1.397607e-006	3.898387e-004	-3.912363e-004
1.143107199265508e-003	6.150089e-001	9.245623e-001	1.462575e-006	4.075429e-004	-4.090054e-004
1.153107199265508e-003	6.155647e-001	8.432677e-001	1.492119e-006	4.156723e-004	-4.171644e-004
1.163107199265508e-003	6.160726e-001	7.676866e-001	1.519312e-006	4.232304e-004	-4.247497e-004
1.173107199265508e-003	6.165305e-001	6.984561e-001	1.543863e-006	4.301535e-004	-4.316973e-004
1.183107199265508e-003	6.169366e-001	6.361738e-001	1.565496e-006	4.363818e-004	-4.379473e-004
1.193107199265508e-003	6.172895e-001	5.813884e-001	1.583949e-006	4.418605e-004	-4.434444e-004
1.203107199265508e-003	6.175877e-001	5.345911e-001	1.598983e-006	4.465404e-004	-4.481394e-004
1.213107199265508e-003	6.178302e-001	4.962081e-001	1.610398e-006	4.503789e-004	-4.519893e-004
1.223107199265508e-003	6.180159e-001	4.665935e-001	1.618045e-006	4.533406e-004	-4.549587e-004
1.233107199265508e-003	6.181441e-001	4.460249e-001	1.621851e-006	4.553978e-004	-4.570197e-004
1.243107199265508e-003	6.182144e-001	4.346986e-001	1.621834e-006	4.565307e-004	-4.581525e-004
1.253107199265508e-003	6.182263e-001	4.327273e-001	1.618105e-006	4.567279e-004	-4.583460e-004
1.263107199265508e-003	6.181800e-001	4.401366e-001	1.610846e-006	4.559869e-004	-4.575978e-004
1.273107199265508e-003	6.180755e-001	4.568637e-001	1.600272e-006	4.543140e-004	-4.559143e-004
1.283107199265508e-003	6.179131e-001	4.827563e-001	1.586583e-006	4.517245e-004	-4.533111e-004
1.293107199265508e-003	6.176935e-001	5.175743e-001	1.569953e-006	4.482424e-004	-4.498124e-004
1.303107199265508e-003	6.174176e-001	5.609940e-001	1.550534e-006	4.439001e-004	-4.454507e-004
1.313107199265508e-003	6.170864e-001	6.126146e-001	1.528473e-006	4.387379e-004	-4.402664e-004
1.323107199265508e-003	6.167011e-001	6.719658e-001	1.503931e-006	4.328026e-004	-4.343065e-004
1.333107199265508e-003	6.162633e-001	7.385159e-001	1.477085e-006	4.261475e-004	-4.276246e-004
1.343107199265508e-003	6.157748e-001	8.116810e-001	1.448136e-006	4.188310e-004	-4.202791e-004
1.353107199265508e-003	6.152373e-001	8.908343e-001	1.417304e-006	4.109156e-004	-4.123329e-004
1.373107199265508e-003	6.140243e-001	1.064441e+000	1.350938e-006	3.935550e-004	-3.949059e-004
1.393107199265508e-003	6.126432e-001	1.253832e+000	1.279964e-006	3.746160e-004	-3.758959e-004
1.473107199265508e-003	6.059028e-001	2.062186e+000	9.878873e-007	2.937809e-004	-2.947688e-004
1.513107199265509e-003	6.021786e-001	2.435193e+000	8.577917e-007	2.564804e-004	-2.573382e-004
1.543107199265509e-003	5.994206e-001	2.681927e+000	7.732505e-007	2.318071e-004	-2.325804e-004
1.573107199265509e-003	5.968019e-001	2.895086e+000	7.012518e-007	2.104914e-004	-2.111926e-004
1.603107199265509e-003	5.944157e-001	3.072836e+000	6.420768e-007	1.927165e-004	-1.933585e-004
1.633107199265509e-003	5.923471e-001	3.215157e+000	5.954612e-007	1.784844e-004	-1.790799e-004
1.663107199265509e-003	5.906699e-001	3.323056e+000	5.608713e-007	1.676947e-004	-1.682555e-004
1.693107199265509e-003	5.894438e-001	3.397915e+000	5.377183e-007	1.602088e-004	-1.607466e-004
1.723107199265509e-003	5.887126e-001	3.441014e+000	5.255113e-007	1.558990e-004	-1.564245e-004
1.753107199265509e-003	5.885024e-001	3.453210e+000	5.239521e-007	1.546793e-004	-1.552033e-004
1.783107199265509e-003	5.888206e-001	3.434764e+000	5.329855e-007	1.565239e-004	-1.570569e-004
1.813107199265509e-003	5.896559e-001	3.385290e+000	5.528095e-007	1.614713e-004	-1.620241e-004
1.843107199265509e-003	5.909783e-001	3.303830e+000	5.838457e-007	1.696172e-004	-1.702011e-004
1.873107199265509e-003	5.927407e-001	3.189059e+000	6.266690e-007	1.810943e-004	-1.817209e-004
1.903107199265510e-003	5.948802e-001	3.039632e+000	6.818829e-007	1.960369e-004	-1.967188e-004
1.933107199265510e-003	5.973206e-001	2.854702e+000	7.499349e-007	2.145298e-004	-2.152798e-004
1.963107199265509e-003	5.999746e-001	2.634598e+000	8.308650e-007	2.365401e-004	-2.373710e-004
1.993107199265510e-003	6.027479e-001	2.381868e+000	9.239044e-007	2.618130e-004	-2.627369e-004
2.000000000000000e-003	6.033918e-001	2.320071e+000	9.466784e-007	2.679927e-004	-2.689394e-004
0.000000000000000e+000	6.033971e-001	2.319347e+000	9.224142e-007	2.680653e-004	-2.689877e-004
5.119999713087964e-008	6.034001e-001	2.319170e+000	9.377898e-007	2.680830e-004	-2.690208e-004
2.047999885235186e-007	6.034163e-001	2.317709e+000	9.521763e-007	2.682291e-004	-2.691812e-004
2.310719926550519e-005	6.062564e-001	2.024129e+000	1.065415e-006	2.975864e-004	-2.986518e-004
5.310719926550518e-005	6.098752e-001	1.608075e+000	1.222124e-006	3.391913e-004	-3.404134e-004
1.031071992655052e-004	6.153271e-001	8.775828e-001	1.502365e-006	4.122381e-004	-4.137405e-004
1.231071992655052e-004	6.172040e-001	5.941995e-001	1.615129e-006	4.405789e-004	-4.421940e-004
1.331071992655052e-004	6.180613e-001	4.589193e-001	1.672445e-006	4.541081e-004	-4.557805e-004
1.431071992655052e-004	6.188596e-001	3.300561e-001	1.744129e-006	4.669944e-004	-4.687385e-004
1.514912857569022e-004	6.194628e-001	2.341426e-001	1.893437e-006	4.765857e-004	-4.784792e-004
1.592354582929581e-004	6.199468e-001	1.661049e-001	2.188075e-006	4.833895e-004	-4.855775e-004
1.644589760267193e-004	6.202233e-001	1.375086e-001	2.506778e-006	4.862491e-004	-4.887559e-004
1.704200088237152e-004	6.204892e-001	1.201131e-001	2.977248e-006	4.879886e-004	-4.909658e-004
1.774744190819515e-004	6.207646e-001	1.079047e-001	3.572879e-006	4.892092e-004	-4.927821e-004
1.842961646073933e-004	6.209993e-001	1.002335e-001	4.127956e-006	4.899764e-004	-4.941043e-004
1.942961646073933e-004	6.212969e-001	9.274500e-002	4.872788e-006	4.907254e-004	-4.955982e-004
2.042961646073933e-004	6.215476e-001	8.753870e-002	5.520242e-006	4.912453e-004	-4.967655e-004
2.142961646073933e-004	6.217485e-001	8.398236e-002	6.050688e-006	4.915993e-004	-4.976500e-004
2.242961646073933e-004	6.219000e-001	8.158776e-002	6.456021e-006	4.918385e-004	-4.982945e-004
2.342961646073933e-004	6.220022e-001	8.009962e-002	6.731540e-006	4.919883e-004	-4.987199e-004
2.442961646073933e-004	6.220552e-001	7.935929e-002	6.874022e-006	4.920629e-004	-4.989370e-004
2.542961646073933e-004	6.220590e-001	7.930682e-002	6.881973e-006	4.920684e-004	-4.989503e-004
2.642961646073933e-004	6.220136e-001	7.993857e-002	6.755191e-006	4.920052e-004	-4.987604e-004
2.742961646073934e-004	6.219190e-001	8.130696e-002	6.494824e-006	4.918682e-004	-4.983630e-004
2.842961646073934e-004	6.217754e-001	8.353142e-002	6.103361e-006	4.916454e-004	-4.977487e-004
2.942961646073934e-004	6.215827e-001	8.684169e-002	5.584950e-006	4.913135e-004	-4.968984e-004
3.042961646073934e-004	6.213408e-001	9.166348e-002	4.946004e-006	4.908291e-004	-4.957751e-004
3.142961646073935e-004	6.210486e-001	9.893479e-002	4.197156e-006	4.901016e-004	-4.942988e-004
3.242961646073935e-004	6.207032e-001	1.109187e-001	3.360711e-006	4.889059e-004	-4.922666e-004
3.342961646073935e-004	6.202909e-001	1.352998e-001	2.508144e-006	4.864694e-004	-4.889775e-004
3.442961646073935e-004	6.197764e-001	1.883031e-001	1.829971e-006	4.811692e-004	-4.829992e-004
3.517038047722432e-004	6.192966e-001	2.575208e-001	1.604535e-006	4.742476e-004	-4.758521e-004
3.550636887528094e-004	6.190461e-001	2.982295e-001	1.589687e-006	4.701768e-004	-4.717665e-004
3.632812893380853e-004	6.183980e-001	4.043010e-001	1.563801e-006	4.595689e-004	-4.611328e-004
3.763917838468503e-004	6.172833e-001	5.815291e-001	1.505478e-006	4.418434e-004	-4.433488e-004
3.958956297473933e-004	6.154494e-001	8.588749e-001	1.406373e-006	4.141083e-004	-4.155146e-004
4.458956297473934e-004	6.100106e-001	1.590785e+000	1.144206e-006	3.409200e-004	-3.420642e-004
4.758956297473935e-004	6.063951e-001	2.008476e+000	9.973551e-007	2.991515e-004	-3.001489e-004
5.058956297473936e-004	6.026695e-001	2.388098e+000	8.661384e-007	2.611896e-004	-2.620557e-004
5.358956297473937e-004	5.989661e-001	2.719787e+000	7.533257e-007	2.280210e-004	-2.287743e-004
5.558956297473937e-004	5.965747e-001	2.912139e+000	6.887496e-007	2.087860e-004	-2.094747e-004
5.758956297473938e-004	5.942900e-001	3.081301e+000	6.325217e-007	1.918699e-004	-1.925024e-004
5.958956297473938e-004	5.921481e-001	3.227842e+000	5.842981e-007	1.772158e-004	-1.778001e-004
6.158956297473939e-004	5.901831e-001	3.352730e+000	5.436326e-007	1.647271e-004	-1.652708e-004
6.358956297473939e-004	5.884262e-001	3.457143e+000	5.100382e-007	1.542860e-004	-1.547960e-004
6.558956297473940e-004	5.869055e-001	3.542320e+000	4.830351e-007	1.457684e-004	-1.462514e-004
6.758956297473940e-004	5.856450e-001	3.609444e+000	4.621851e-007	1.390560e-004	-1.395182e-004
6.958956297473941e-004	5.846648e-001	3.659558e+000	4.471167e-007	1.340446e-004	-1.344918e-004
7.158956297473941e-004	5.839804e-001	3.693504e+000	4.375413e-007	1.306501e-004	-1.310877e-004
7.358956297473942e-004	5.836028e-001	3.711882e+000	4.332638e-007	1.288123e-004	-1.292456e-004
7.558956297473942e-004	5.835379e-001	3.715027e+000	4.341885e-007	1.284978e-004	-1.289320e-004
7.758956297473943e-004	5.837867e-001	3.703000e+000	4.403223e-007	1.297006e-004	-1.301409e-004
7.958956297473943e-004	5.843453e-001	3.675578e+000	4.517748e-007	1.324427e-004	-1.328945e-004
8.158956297473944e-004	5.852048e-001	3.632272e+000	4.687561e-007	1.367733e-004	-1.372421e-004
8.358956297473944e-004	5.863515e-001	3.572337e+000	4.915707e-007	1.427667e-004	-1.432583e-004
8.558956297473945e-004	5.877671e-001	3.494812e+000	5.206084e-007	1.505192e-004	-1.510398e-004
8.758956297473946e-004	5.894291e-001	3.398565e+000	5.563271e-007	1.601438e-004	-1.607001e-004
8.958956297473946e-004	5.913112e-001	3.282372e+000	5.992298e-007	1.717630e-004	-1.723623e-004
9.158956297473947e-004	5.933832e-001	3.145017e+000	6.498298e-007	1.854984e-004	-1.861482e-004
9.358956297473947e-004	5.956123e-001	2.985431e+000	7.086034e-007	2.014569e-004	-2.021655e-004
9.558956297473948e-004	5.979630e-001	2.802861e+000	7.759305e-007	2.197138e-004	-2.204897e-004
9.858956297473947e-004	6.016352e-001	2.485599e+000	8.933472e-007	2.514397e-004	-2.523330e-004
1.015895629747395e-003	6.053657e-001	2.118888e+000	1.029943e-006	2.881105e-004	-2.891405e-004
1.045895629747395e-003	6.090220e-001	1.710827e+000	1.183267e-006	3.289161e-004	-3.300994e-004
1.105895629747395e-003	6.156009e-001	8.373083e-001	1.518132e-006	4.162653e-004	-4.177834e-004
1.115895629747395e-003	6.165511e-001	6.947278e-001	1.574516e-006	4.305238e-004	-4.320983e-004
1.125895629747395e-003	6.174487e-001	5.559436e-001	1.630881e-006	4.444044e-004	-4.460353e-004
1.135895629747395e-003	6.182898e-001	4.222441e-001	1.689485e-006	4.577756e-004	-4.594651e-004
1.145895629747395e-003	6.190706e-001	2.957641e-001	1.774033e-006	4.704236e-004	-4.721976e-004
1.152930829642520e-003	6.195588e-001	2.198505e-001	1.935015e-006	4.780146e-004	-4.799496e-004
1.161341331970378e-003	6.200615e-001	1.535127e-001	2.310439e-006	4.846444e-004	-4.869549e-004
1.165950304200731e-003	6.202954e-001	1.316063e-001	2.614947e-006	4.868324e-004	-4.894473e-004
1.171892978834482e-003	6.205509e-001	1.167954e-001	3.100309e-006	4.883151e-004	-4.914154e-004
1.178278524169631e-003	6.207944e-001	1.067392e-001	3.640156e-006	4.893247e-004	-4.929649e-004
1.185493027037089e-003	6.210377e-001	9.916048e-002	4.222044e-006	4.900838e-004	-4.943059e-004
1.195493027037089e-003	6.213296e-001	9.200922e-002	4.956075e-006	4.907990e-004	-4.957551e-004
1.205493027037089e-003	6.215743e-001	8.704177e-002	5.590095e-006	4.912951e-004	-4.968852e-004
1.215493027037089e-003	6.217692e-001	8.364429e-002	6.105922e-006	4.916333e-004	-4.977392e-004
1.225493027037089e-003	6.219148e-001	8.136694e-002	6.495921e-006	4.918608e-004	-4.983567e-004
1.235493027037089e-003	6.220111e-001	7.997335e-002	6.755644e-006	4.920011e-004	-4.987566e-004
1.245493027037089e-003	6.220582e-001	7.931724e-002	6.882075e-006	4.920672e-004	-4.989493e-004
1.255493027037089e-003	6.220561e-001	7.934590e-002	6.873887e-006	4.920645e-004	-4.989383e-004
1.265493027037089e-003	6.220049e-001	8.006188e-002	6.731030e-006	4.919929e-004	-4.987239e-004
1.275493027037089e-003	6.219045e-001	8.152483e-002	6.454812e-006	4.918464e-004	-4.983012e-004
1.285493027037089e-003	6.217550e-001	8.386435e-002	6.047901e-006	4.916121e-004	-4.976599e-004
1.295493027037089e-003	6.215564e-001	8.732767e-002	5.514669e-006	4.912647e-004	-4.967793e-004
1.305493027037089e-003	6.213084e-001	9.237550e-002	4.861889e-006	4.907575e-004	-4.956194e-004
1.315493027037089e-003	6.210102e-001	1.000421e-001	4.100975e-006	4.899903e-004	-4.940913e-004
1.325493027037089e-003	6.206579e-001	1.129037e-001	3.256903e-006	4.887070e-004	-4.919639e-004
1.335493027037090e-003	6.202402e-001	1.382829e-001	2.402000e-006	4.861677e-004	-4.885697e-004
1.344135932677755e-003	6.197936e-001	1.846733e-001	1.815177e-006	4.815262e-004	-4.833414e-004
1.350891584100241e-003	6.193578e-001	2.474310e-001	1.605141e-006	4.752547e-004	-4.768598e-004
1.353990008650310e-003	6.191284e-001	2.846402e-001	1.591180e-006	4.715357e-004	-4.731269e-004
1.361546225056780e-003	6.185384e-001	3.815254e-001	1.570395e-006	4.618475e-004	-4.634178e-004
1.374366217288425e-003	6.174615e-001	5.536150e-001	1.515169e-006	4.446356e-004	-4.461508e-004
1.393347288877610e-003	6.156996e-001	8.219972e-001	1.419622e-006	4.177959e-004	-4.192155e-004
1.453347288877610e-003	6.091299e-001	1.697293e+000	1.106518e-006	3.302694e-004	-3.313759e-004
1.483347288877610e-003	6.054749e-001	2.106821e+000	9.631575e-007	2.893171e-004	-2.902803e-004
1.513347288877610e-003	6.017424e-001	2.475203e+000	8.363382e-007	2.524793e-004	-2.533156e-004
1.543347288877611e-003	5.980650e-001	2.794178e+000	7.282777e-007	2.205819e-004	-2.213102e-004
1.563347288877611e-003	5.957090e-001	2.977857e+000	6.668421e-007	2.022142e-004	-2.028811e-004
1.583347288877611e-003	5.934734e-001	3.138499e+000	6.136432e-007	1.861502e-004	-1.867638e-004
1.603347288877611e-003	5.913935e-001	3.276845e+000	5.682908e-007	1.723157e-004	-1.728840e-004
1.623347288877611e-003	5.895026e-001	3.393960e+000	5.303170e-007	1.606042e-004	-1.611346e-004
1.643347288877611e-003	5.878307e-001	3.491061e+000	4.992327e-007	1.508942e-004	-1.513934e-004
1.663347288877611e-003	5.864043e-001	3.569380e+000	4.745700e-007	1.430624e-004	-1.435370e-004
1.683347288877611e-003	5.852461e-001	3.630054e+000	4.559133e-007	1.369950e-004	-1.374510e-004
1.703347288877611e-003	5.843745e-001	3.674058e+000	4.429203e-007	1.325947e-004	-1.330376e-004
1.723347288877611e-003	5.838035e-001	3.702147e+000	4.353362e-007	1.297858e-004	-1.302211e-004
1.743347288877611e-003	5.835419e-001	3.714825e+000	4.330026e-007	1.285180e-004	-1.289510e-004
1.763347288877611e-003	5.835941e-001	3.712325e+000	4.358617e-007	1.287680e-004	-1.292039e-004
1.783347288877611e-003	5.839590e-001	3.694602e+000	4.439589e-007	1.305403e-004	-1.309842e-004
1.803347288877611e-003	5.846311e-001	3.661334e+000	4.574415e-007	1.338671e-004	-1.343246e-004
1.823347288877611e-003	5.855994e-001	3.611932e+000	4.765557e-007	1.388073e-004	-1.392839e-004
1.843347288877611e-003	5.868486e-001	3.545566e+000	5.016392e-007	1.454438e-004	-1.459455e-004
1.863347288877611e-003	5.883589e-001	3.461205e+000	5.331095e-007	1.538799e-004	-1.544130e-004
1.883347288877611e-003	5.901062e-001	3.357671e+000	5.714447e-007	1.642331e-004	-1.648046e-004
1.903347288877611e-003	5.920627e-001	3.233731e+000	6.171560e-007	1.766271e-004	-1.772442e-004
1.923347288877611e-003	5.941973e-001	3.088206e+000	6.707493e-007	1.911795e-004	-1.918503e-004
1.943347288877612e-003	5.964759e-001	2.920121e+000	7.326728e-007	2.079879e-004	-2.087205e-004
1.963347288877611e-003	5.988625e-001	2.728893e+000	8.032519e-007	2.271105e-004	-2.279138e-004
1.993347288877611e-003	6.025614e-001	2.399367e+000	9.253775e-007	2.600629e-004	-2.609883e-004
2.000000000000000e-003	6.033903e-001	2.320271e+000	9.534975e-007	2.679726e-004	-2.689261e-004
