v1	Id(M1)
1.300000000000000e+000	2.006565e-006
1.301000000000000e+000	2.046116e-006
1.302000000000000e+000	2.086437e-006
1.303000000000000e+000	2.127542e-006
1.304000000000000e+000	2.169447e-006
1.305000000000000e+000	2.212166e-006
1.305999999999999e+000	2.255716e-006
1.306999999999999e+000	2.300113e-006
1.307999999999999e+000	2.345371e-006
1.308999999999999e+000	2.391509e-006
1.309999999999999e+000	2.438541e-006
1.310999999999999e+000	2.486486e-006
1.311999999999999e+000	2.535361e-006
1.312999999999999e+000	2.585183e-006
1.313999999999999e+000	2.635971e-006
1.314999999999998e+000	2.687742e-006
1.315999999999998e+000	2.740516e-006
1.316999999999998e+000	2.794311e-006
1.317999999999998e+000	2.849146e-006
1.318999999999998e+000	2.905042e-006
1.319999999999998e+000	2.962018e-006
1.320999999999998e+000	3.020095e-006
1.321999999999998e+000	3.079294e-006
1.322999999999998e+000	3.139635e-006
1.323999999999997e+000	3.201141e-006
1.324999999999997e+000	3.263832e-006
1.325999999999997e+000	3.327733e-006
1.326999999999997e+000	3.392864e-006
1.327999999999997e+000	3.459250e-006
1.328999999999997e+000	3.526914e-006
1.329999999999997e+000	3.595880e-006
1.330999999999997e+000	3.666172e-006
1.331999999999997e+000	3.737816e-006
1.332999999999996e+000	3.810836e-006
1.333999999999996e+000	3.885259e-006
1.334999999999996e+000	3.961110e-006
1.335999999999996e+000	4.038416e-006
1.336999999999996e+000	4.117205e-006
1.337999999999996e+000	4.197504e-006
1.338999999999996e+000	4.279341e-006
1.339999999999996e+000	4.362745e-006
1.340999999999996e+000	4.447745e-006
1.341999999999995e+000	4.534371e-006
1.342999999999995e+000	4.622653e-006
1.343999999999995e+000	4.712622e-006
1.344999999999995e+000	4.804309e-006
1.345999999999995e+000	4.897746e-006
1.346999999999995e+000	4.992965e-006
1.347999999999995e+000	5.090000e-006
1.348999999999995e+000	5.188884e-006
1.349999999999995e+000	5.289651e-006
1.350999999999994e+000	5.392335e-006
1.351999999999994e+000	5.496974e-006
1.352999999999994e+000	5.603601e-006
1.353999999999994e+000	5.712254e-006
1.354999999999994e+000	5.822971e-006
1.355999999999994e+000	5.935789e-006
1.356999999999994e+000	6.050746e-006
1.357999999999994e+000	6.167882e-006
1.358999999999994e+000	6.287237e-006
1.359999999999993e+000	6.408852e-006
1.360999999999993e+000	6.532768e-006
1.361999999999993e+000	6.659027e-006
1.362999999999993e+000	6.787671e-006
1.363999999999993e+000	6.918745e-006
1.364999999999993e+000	7.052292e-006
1.365999999999993e+000	7.188359e-006
1.366999999999993e+000	7.326989e-006
1.367999999999993e+000	7.468231e-006
1.368999999999992e+000	7.612131e-006
1.369999999999992e+000	7.758737e-006
1.370999999999992e+000	7.908099e-006
1.371999999999992e+000	8.060267e-006
1.372999999999992e+000	8.215291e-006
1.373999999999992e+000	8.373222e-006
1.374999999999992e+000	8.534114e-006
1.375999999999992e+000	8.698020e-006
1.376999999999992e+000	8.864993e-006
1.377999999999992e+000	9.035090e-006
1.378999999999991e+000	9.208366e-006
1.379999999999991e+000	9.384877e-006
1.380999999999991e+000	9.564683e-006
1.381999999999991e+000	9.747841e-006
1.382999999999991e+000	9.934413e-006
1.383999999999991e+000	1.012446e-005
1.384999999999991e+000	1.031804e-005
1.385999999999991e+000	1.051522e-005
1.386999999999991e+000	1.071606e-005
1.387999999999990e+000	1.092063e-005
1.388999999999990e+000	1.112900e-005
1.389999999999990e+000	1.134123e-005
1.390999999999990e+000	1.155738e-005
1.391999999999990e+000	1.177754e-005
1.392999999999990e+000	1.200176e-005
1.393999999999990e+000	1.223013e-005
1.394999999999990e+000	1.246271e-005
1.395999999999990e+000	1.269958e-005
1.396999999999989e+000	1.294082e-005
1.397999999999989e+000	1.318649e-005
1.398999999999989e+000	1.343668e-005
1.399999999999989e+000	1.369147e-005
1.400999999999989e+000	1.395094e-005
1.401999999999989e+000	1.421517e-005
1.402999999999989e+000	1.448424e-005
1.403999999999989e+000	1.475823e-005
1.404999999999989e+000	1.503724e-005
1.405999999999988e+000	1.532135e-005
1.406999999999988e+000	1.561064e-005
1.407999999999988e+000	1.590521e-005
1.408999999999988e+000	1.620515e-005
1.409999999999988e+000	1.651055e-005
1.410999999999988e+000	1.682151e-005
1.411999999999988e+000	1.713811e-005
1.412999999999988e+000	1.746047e-005
1.413999999999988e+000	1.778866e-005
1.414999999999987e+000	1.812281e-005
1.415999999999987e+000	1.846300e-005
1.416999999999987e+000	1.880934e-005
1.417999999999987e+000	1.916194e-005
1.418999999999987e+000	1.952090e-005
1.419999999999987e+000	1.988633e-005
1.420999999999987e+000	2.025834e-005
1.421999999999987e+000	2.063704e-005
1.422999999999987e+000	2.102254e-005
1.423999999999986e+000	2.141496e-005
1.424999999999986e+000	2.181442e-005
1.425999999999986e+000	2.222103e-005
1.426999999999986e+000	2.263491e-005
1.427999999999986e+000	2.305619e-005
1.428999999999986e+000	2.348499e-005
1.429999999999986e+000	2.392143e-005
1.430999999999986e+000	2.436564e-005
1.431999999999986e+000	2.481775e-005
1.432999999999985e+000	2.527790e-005
1.433999999999985e+000	2.574621e-005
1.434999999999985e+000	2.622282e-005
1.435999999999985e+000	2.670787e-005
1.436999999999985e+000	2.720150e-005
1.437999999999985e+000	2.770384e-005
1.438999999999985e+000	2.821504e-005
1.439999999999985e+000	2.873525e-005
1.440999999999985e+000	2.926461e-005
1.441999999999984e+000	2.980327e-005
1.442999999999984e+000	3.035138e-005
1.443999999999984e+000	3.090911e-005
1.444999999999984e+000	3.147659e-005
1.445999999999984e+000	3.205400e-005
1.446999999999984e+000	3.264148e-005
1.447999999999984e+000	3.323922e-005
1.448999999999984e+000	3.384736e-005
1.449999999999984e+000	3.446607e-005
1.450999999999983e+000	3.509553e-005
1.451999999999983e+000	3.573591e-005
1.452999999999983e+000	3.638738e-005
1.453999999999983e+000	3.705011e-005
1.454999999999983e+000	3.772429e-005
1.455999999999983e+000	3.841010e-005
1.456999999999983e+000	3.910772e-005
1.457999999999983e+000	3.981734e-005
1.458999999999983e+000	4.053914e-005
1.459999999999982e+000	4.127332e-005
1.460999999999982e+000	4.202008e-005
1.461999999999982e+000	4.277960e-005
1.462999999999982e+000	4.355209e-005
1.463999999999982e+000	4.433774e-005
1.464999999999982e+000	4.513677e-005
1.465999999999982e+000	4.594938e-005
1.466999999999982e+000	4.677578e-005
1.467999999999982e+000	4.761618e-005
1.468999999999981e+000	4.847080e-005
1.469999999999981e+000	4.933985e-005
1.470999999999981e+000	5.022357e-005
1.471999999999981e+000	5.112216e-005
1.472999999999981e+000	5.203585e-005
1.473999999999981e+000	5.296488e-005
1.474999999999981e+000	5.390948e-005
1.475999999999981e+000	5.486987e-005
1.476999999999981e+000	5.584631e-005
1.477999999999980e+000	5.683903e-005
1.478999999999980e+000	5.784827e-005
1.479999999999980e+000	5.887428e-005
1.480999999999980e+000	5.991731e-005
1.481999999999980e+000	6.097762e-005
1.482999999999980e+000	6.205546e-005
1.483999999999980e+000	6.315108e-005
1.484999999999980e+000	6.426475e-005
1.485999999999980e+000	6.539674e-005
1.486999999999979e+000	6.654731e-005
1.487999999999979e+000	6.771673e-005
1.488999999999979e+000	6.890528e-005
1.489999999999979e+000	7.011323e-005
1.490999999999979e+000	7.134087e-005
1.491999999999979e+000	7.258849e-005
1.492999999999979e+000	7.385636e-005
1.493999999999979e+000	7.514478e-005
1.494999999999979e+000	7.645405e-005
1.495999999999979e+000	7.778445e-005
1.496999999999978e+000	7.913628e-005
1.497999999999978e+000	8.050987e-005
1.498999999999978e+000	8.190550e-005
1.499999999999978e+000	8.332350e-005
1.500999999999978e+000	8.476416e-005
1.501999999999978e+000	8.622782e-005
1.502999999999978e+000	8.771479e-005
1.503999999999978e+000	8.922540e-005
1.504999999999978e+000	9.075996e-005
1.505999999999977e+000	9.231882e-005
1.506999999999977e+000	9.390231e-005
1.507999999999977e+000	9.551076e-005
1.508999999999977e+000	9.714451e-005
1.509999999999977e+000	9.880392e-005
1.510999999999977e+000	1.004893e-004
1.511999999999977e+000	1.022011e-004
1.512999999999977e+000	1.039395e-004
1.513999999999977e+000	1.057051e-004
1.514999999999976e+000	1.074980e-004
1.515999999999976e+000	1.093187e-004
1.516999999999976e+000	1.111676e-004
1.517999999999976e+000	1.130451e-004
1.518999999999976e+000	1.149514e-004
1.519999999999976e+000	1.168870e-004
1.520999999999976e+000	1.188523e-004
1.521999999999976e+000	1.208476e-004
1.522999999999976e+000	1.228734e-004
1.523999999999975e+000	1.249301e-004
1.524999999999975e+000	1.270179e-004
1.525999999999975e+000	1.291375e-004
1.526999999999975e+000	1.312890e-004
1.527999999999975e+000	1.334730e-004
1.528999999999975e+000	1.356899e-004
1.529999999999975e+000	1.379400e-004
1.530999999999975e+000	1.402239e-004
1.531999999999975e+000	1.425418e-004
1.532999999999974e+000	1.448944e-004
1.533999999999974e+000	1.472819e-004
1.534999999999974e+000	1.497047e-004
1.535999999999974e+000	1.521635e-004
1.536999999999974e+000	1.546585e-004
1.537999999999974e+000	1.571903e-004
1.538999999999974e+000	1.597592e-004
1.539999999999974e+000	1.623657e-004
1.540999999999974e+000	1.650104e-004
1.541999999999973e+000	1.676935e-004
1.542999999999973e+000	1.704157e-004
1.543999999999973e+000	1.731773e-004
1.544999999999973e+000	1.759788e-004
1.545999999999973e+000	1.788208e-004
1.546999999999973e+000	1.817036e-004
1.547999999999973e+000	1.846278e-004
1.548999999999973e+000	1.875938e-004
1.549999999999973e+000	1.906021e-004
1.550999999999972e+000	1.936532e-004
1.551999999999972e+000	1.967477e-004
1.552999999999972e+000	1.998859e-004
1.553999999999972e+000	2.030684e-004
1.554999999999972e+000	2.062958e-004
1.555999999999972e+000	2.095683e-004
1.556999999999972e+000	2.128868e-004
1.557999999999972e+000	2.162515e-004
1.558999999999972e+000	2.196630e-004
1.559999999999971e+000	2.231219e-004
1.560999999999971e+000	2.266287e-004
1.561999999999971e+000	2.301839e-004
1.562999999999971e+000	2.337879e-004
1.563999999999971e+000	2.374415e-004
1.564999999999971e+000	2.411450e-004
1.565999999999971e+000	2.448990e-004
1.566999999999971e+000	2.487040e-004
1.567999999999971e+000	2.525607e-004
1.568999999999970e+000	2.564695e-004
1.569999999999970e+000	2.604310e-004
1.570999999999970e+000	2.644457e-004
1.571999999999970e+000	2.685142e-004
1.572999999999970e+000	2.726370e-004
1.573999999999970e+000	2.768148e-004
1.574999999999970e+000	2.810480e-004
1.575999999999970e+000	2.853372e-004
1.576999999999970e+000	2.896830e-004
1.577999999999969e+000	2.940860e-004
1.578999999999969e+000	2.985467e-004
1.579999999999969e+000	3.030657e-004
1.580999999999969e+000	3.076436e-004
1.581999999999969e+000	3.122809e-004
1.582999999999969e+000	3.169783e-004
1.583999999999969e+000	3.217363e-004
1.584999999999969e+000	3.265555e-004
1.585999999999969e+000	3.314364e-004
1.586999999999968e+000	3.363798e-004
1.587999999999968e+000	3.413861e-004
1.588999999999968e+000	3.464560e-004
1.589999999999968e+000	3.515901e-004
1.590999999999968e+000	3.567889e-004
1.591999999999968e+000	3.620531e-004
1.592999999999968e+000	3.673832e-004
1.593999999999968e+000	3.727799e-004
1.594999999999968e+000	3.782437e-004
1.595999999999967e+000	3.837754e-004
1.596999999999967e+000	3.893754e-004
1.597999999999967e+000	3.950444e-004
1.598999999999967e+000	4.007829e-004
1.599999999999967e+000	4.065917e-004
1.600999999999967e+000	4.124714e-004
1.601999999999967e+000	4.184225e-004
1.602999999999967e+000	4.244456e-004
1.603999999999967e+000	4.305413e-004
1.604999999999967e+000	4.367105e-004
1.605999999999966e+000	4.429535e-004
1.606999999999966e+000	4.492710e-004
1.607999999999966e+000	4.556637e-004
1.608999999999966e+000	4.621322e-004
1.609999999999966e+000	4.686770e-004
1.610999999999966e+000	4.752989e-004
1.611999999999966e+000	4.819985e-004
1.612999999999966e+000	4.887764e-004
1.613999999999966e+000	4.956331e-004
1.614999999999965e+000	5.025694e-004
1.615999999999965e+000	5.095858e-004
1.616999999999965e+000	5.166831e-004
1.617999999999965e+000	5.238617e-004
1.618999999999965e+000	5.311225e-004
1.619999999999965e+000	5.384659e-004
1.620999999999965e+000	5.458926e-004
1.621999999999965e+000	5.534032e-004
1.622999999999965e+000	5.609985e-004
1.623999999999964e+000	5.686789e-004
1.624999999999964e+000	5.764451e-004
1.625999999999964e+000	5.842979e-004
1.626999999999964e+000	5.922377e-004
1.627999999999964e+000	6.002652e-004
1.628999999999964e+000	6.083811e-004
1.629999999999964e+000	6.165860e-004
1.630999999999964e+000	6.248805e-004
1.631999999999964e+000	6.332652e-004
1.632999999999963e+000	6.417408e-004
1.633999999999963e+000	6.503079e-004
1.634999999999963e+000	6.589671e-004
1.635999999999963e+000	6.677191e-004
1.636999999999963e+000	6.765644e-004
1.637999999999963e+000	6.855038e-004
1.638999999999963e+000	6.945377e-004
1.639999999999963e+000	7.036669e-004
1.640999999999963e+000	7.128920e-004
1.641999999999962e+000	7.222136e-004
1.642999999999962e+000	7.316322e-004
1.643999999999962e+000	7.411487e-004
1.644999999999962e+000	7.507634e-004
1.645999999999962e+000	7.604771e-004
1.646999999999962e+000	7.702904e-004
1.647999999999962e+000	7.802039e-004
1.648999999999962e+000	7.902182e-004
1.649999999999962e+000	8.003339e-004
1.650999999999961e+000	8.105516e-004
1.651999999999961e+000	8.208719e-004
1.652999999999961e+000	8.312955e-004
1.653999999999961e+000	8.418229e-004
1.654999999999961e+000	8.524547e-004
1.655999999999961e+000	8.631917e-004
1.656999999999961e+000	8.740342e-004
1.657999999999961e+000	8.849830e-004
1.658999999999961e+000	8.960386e-004
1.659999999999960e+000	9.072016e-004
1.660999999999960e+000	9.184727e-004
1.661999999999960e+000	9.298523e-004
1.662999999999960e+000	9.413412e-004
1.663999999999960e+000	9.529397e-004
1.664999999999960e+000	9.646487e-004
1.665999999999960e+000	9.764686e-004
1.666999999999960e+000	9.884000e-004
1.667999999999960e+000	1.000443e-003
1.668999999999959e+000	1.012600e-003
1.669999999999959e+000	1.024869e-003
1.670999999999959e+000	1.037252e-003
1.671999999999959e+000	1.049750e-003
1.672999999999959e+000	1.062362e-003
1.673999999999959e+000	1.075090e-003
1.674999999999959e+000	1.087934e-003
1.675999999999959e+000	1.100895e-003
1.676999999999959e+000	1.113972e-003
1.677999999999958e+000	1.127167e-003
1.678999999999958e+000	1.140481e-003
1.679999999999958e+000	1.153913e-003
1.680999999999958e+000	1.167465e-003
1.681999999999958e+000	1.181137e-003
1.682999999999958e+000	1.194928e-003
1.683999999999958e+000	1.208841e-003
1.684999999999958e+000	1.222875e-003
1.685999999999958e+000	1.237032e-003
1.686999999999957e+000	1.251310e-003
1.687999999999957e+000	1.265712e-003
1.688999999999957e+000	1.280237e-003
1.689999999999957e+000	1.294886e-003
1.690999999999957e+000	1.309660e-003
1.691999999999957e+000	1.324559e-003
1.692999999999957e+000	1.339583e-003
1.693999999999957e+000	1.354733e-003
1.694999999999957e+000	1.370010e-003
1.695999999999956e+000	1.385414e-003
1.696999999999956e+000	1.400945e-003
1.697999999999956e+000	1.416604e-003
1.698999999999956e+000	1.432392e-003
1.699999999999956e+000	1.448309e-003
1.700999999999956e+000	1.464355e-003
1.701999999999956e+000	1.480531e-003
1.702999999999956e+000	1.496837e-003
1.703999999999956e+000	1.513274e-003
1.704999999999955e+000	1.529842e-003
1.705999999999955e+000	1.546542e-003
1.706999999999955e+000	1.563375e-003
1.707999999999955e+000	1.580339e-003
1.708999999999955e+000	1.597437e-003
1.709999999999955e+000	1.614669e-003
1.710999999999955e+000	1.632034e-003
1.711999999999955e+000	1.649534e-003
1.712999999999955e+000	1.667168e-003
1.713999999999954e+000	1.684938e-003
1.714999999999954e+000	1.702843e-003
1.715999999999954e+000	1.720884e-003
1.716999999999954e+000	1.739062e-003
1.717999999999954e+000	1.757377e-003
1.718999999999954e+000	1.775829e-003
1.719999999999954e+000	1.794418e-003
1.720999999999954e+000	1.813146e-003
1.721999999999954e+000	1.832012e-003
1.722999999999954e+000	1.851017e-003
1.723999999999953e+000	1.870161e-003
1.724999999999953e+000	1.889445e-003
1.725999999999953e+000	1.908869e-003
1.726999999999953e+000	1.928433e-003
1.727999999999953e+000	1.948138e-003
1.728999999999953e+000	1.967985e-003
1.729999999999953e+000	1.987972e-003
1.730999999999953e+000	2.008102e-003
1.731999999999953e+000	2.028373e-003
1.732999999999952e+000	2.048787e-003
1.733999999999952e+000	2.069345e-003
1.734999999999952e+000	2.090045e-003
1.735999999999952e+000	2.110889e-003
1.736999999999952e+000	2.131877e-003
1.737999999999952e+000	2.153009e-003
1.738999999999952e+000	2.174285e-003
1.739999999999952e+000	2.195707e-003
1.740999999999952e+000	2.217273e-003
1.741999999999951e+000	2.238986e-003
1.742999999999951e+000	2.260844e-003
1.743999999999951e+000	2.282848e-003
1.744999999999951e+000	2.304999e-003
1.745999999999951e+000	2.327296e-003
1.746999999999951e+000	2.349741e-003
1.747999999999951e+000	2.372333e-003
1.748999999999951e+000	2.395072e-003
1.749999999999951e+000	2.417960e-003
1.750999999999950e+000	2.440995e-003
1.751999999999950e+000	2.464179e-003
1.752999999999950e+000	2.487512e-003
1.753999999999950e+000	2.510994e-003
1.754999999999950e+000	2.534625e-003
1.755999999999950e+000	2.558406e-003
1.756999999999950e+000	2.582336e-003
1.757999999999950e+000	2.606417e-003
1.758999999999950e+000	2.630648e-003
1.759999999999949e+000	2.655030e-003
1.760999999999949e+000	2.679562e-003
1.761999999999949e+000	2.704246e-003
1.762999999999949e+000	2.729080e-003
1.763999999999949e+000	2.754067e-003
1.764999999999949e+000	2.779205e-003
1.765999999999949e+000	2.804495e-003
1.766999999999949e+000	2.829937e-003
1.767999999999949e+000	2.855532e-003
1.768999999999948e+000	2.881279e-003
1.769999999999948e+000	2.907180e-003
1.770999999999948e+000	2.933233e-003
1.771999999999948e+000	2.959440e-003
1.772999999999948e+000	2.985800e-003
1.773999999999948e+000	3.012314e-003
1.774999999999948e+000	3.038981e-003
1.775999999999948e+000	3.065803e-003
1.776999999999948e+000	3.092780e-003
1.777999999999947e+000	3.119910e-003
1.778999999999947e+000	3.147196e-003
1.779999999999947e+000	3.174636e-003
1.780999999999947e+000	3.202231e-003
1.781999999999947e+000	3.229981e-003
1.782999999999947e+000	3.257887e-003
1.783999999999947e+000	3.285948e-003
1.784999999999947e+000	3.314165e-003
1.785999999999947e+000	3.342537e-003
1.786999999999946e+000	3.371066e-003
1.787999999999946e+000	3.399751e-003
1.788999999999946e+000	3.428592e-003
1.789999999999946e+000	3.457590e-003
1.790999999999946e+000	3.486744e-003
1.791999999999946e+000	3.516055e-003
1.792999999999946e+000	3.545523e-003
1.793999999999946e+000	3.575148e-003
1.794999999999946e+000	3.604930e-003
1.795999999999945e+000	3.634870e-003
1.796999999999945e+000	3.664967e-003
1.797999999999945e+000	3.695221e-003
1.798999999999945e+000	3.725633e-003
1.799999999999945e+000	3.756203e-003
1.800999999999945e+000	3.786931e-003
1.801999999999945e+000	3.817816e-003
1.802999999999945e+000	3.848861e-003
1.803999999999945e+000	3.880063e-003
1.804999999999944e+000	3.911423e-003
1.805999999999944e+000	3.942942e-003
1.806999999999944e+000	3.974620e-003
1.807999999999944e+000	4.006456e-003
1.808999999999944e+000	4.038451e-003
1.809999999999944e+000	4.070605e-003
1.810999999999944e+000	4.102918e-003
1.811999999999944e+000	4.135390e-003
1.812999999999944e+000	4.168021e-003
1.813999999999943e+000	4.200811e-003
1.814999999999943e+000	4.233760e-003
1.815999999999943e+000	4.266869e-003
1.816999999999943e+000	4.300138e-003
1.817999999999943e+000	4.333565e-003
1.818999999999943e+000	4.367152e-003
1.819999999999943e+000	4.400900e-003
1.820999999999943e+000	4.434806e-003
1.821999999999943e+000	4.468873e-003
1.822999999999942e+000	4.503099e-003
1.823999999999942e+000	4.537485e-003
1.824999999999942e+000	4.572032e-003
1.825999999999942e+000	4.606738e-003
1.826999999999942e+000	4.641604e-003
1.827999999999942e+000	4.676631e-003
1.828999999999942e+000	4.711817e-003
1.829999999999942e+000	4.747164e-003
1.830999999999942e+000	4.782671e-003
1.831999999999942e+000	4.818338e-003
1.832999999999941e+000	4.854166e-003
1.833999999999941e+000	4.890155e-003
1.834999999999941e+000	4.926303e-003
1.835999999999941e+000	4.962612e-003
1.836999999999941e+000	4.999082e-003
1.837999999999941e+000	5.035712e-003
1.838999999999941e+000	5.072503e-003
1.839999999999941e+000	5.109454e-003
1.840999999999941e+000	5.146566e-003
1.841999999999940e+000	5.183839e-003
1.842999999999940e+000	5.221272e-003
1.843999999999940e+000	5.258866e-003
1.844999999999940e+000	5.296621e-003
1.845999999999940e+000	5.334536e-003
1.846999999999940e+000	5.372612e-003
1.847999999999940e+000	5.410849e-003
1.848999999999940e+000	5.449247e-003
1.849999999999940e+000	5.487805e-003
1.850999999999939e+000	5.526525e-003
1.851999999999939e+000	5.565404e-003
1.852999999999939e+000	5.604445e-003
1.853999999999939e+000	5.643647e-003
1.854999999999939e+000	5.683009e-003
1.855999999999939e+000	5.722533e-003
1.856999999999939e+000	5.762217e-003
1.857999999999939e+000	5.802061e-003
1.858999999999939e+000	5.842067e-003
1.859999999999938e+000	5.882234e-003
1.860999999999938e+000	5.922561e-003
1.861999999999938e+000	5.963049e-003
1.862999999999938e+000	6.003698e-003
1.863999999999938e+000	6.044507e-003
1.864999999999938e+000	6.085478e-003
1.865999999999938e+000	6.126609e-003
1.866999999999938e+000	6.167901e-003
1.867999999999938e+000	6.209353e-003
1.868999999999937e+000	6.250967e-003
1.869999999999937e+000	6.292741e-003
1.870999999999937e+000	6.334675e-003
1.871999999999937e+000	6.376771e-003
1.872999999999937e+000	6.419027e-003
1.873999999999937e+000	6.461443e-003
1.874999999999937e+000	6.504020e-003
1.875999999999937e+000	6.546758e-003
1.876999999999937e+000	6.589656e-003
1.877999999999936e+000	6.632715e-003
1.878999999999936e+000	6.675934e-003
1.879999999999936e+000	6.719314e-003
1.880999999999936e+000	6.762853e-003
1.881999999999936e+000	6.806554e-003
1.882999999999936e+000	6.850414e-003
1.883999999999936e+000	6.894436e-003
1.884999999999936e+000	6.938617e-003
1.885999999999936e+000	6.982958e-003
1.886999999999935e+000	7.027460e-003
1.887999999999935e+000	7.072122e-003
1.888999999999935e+000	7.116945e-003
1.889999999999935e+000	7.161927e-003
1.890999999999935e+000	7.207069e-003
1.891999999999935e+000	7.252371e-003
1.892999999999935e+000	7.297833e-003
1.893999999999935e+000	7.343456e-003
1.894999999999935e+000	7.389238e-003
1.895999999999934e+000	7.435180e-003
1.896999999999934e+000	7.481282e-003
1.897999999999934e+000	7.527543e-003
1.898999999999934e+000	7.573964e-003
1.899999999999934e+000	7.620545e-003
1.900999999999934e+000	7.667285e-003
1.901999999999934e+000	7.714185e-003
1.902999999999934e+000	7.761245e-003
1.903999999999934e+000	7.808464e-003
1.904999999999933e+000	7.855842e-003
1.905999999999933e+000	7.903380e-003
1.906999999999933e+000	7.951077e-003
1.907999999999933e+000	7.998933e-003
1.908999999999933e+000	8.046949e-003
1.909999999999933e+000	8.095124e-003
1.910999999999933e+000	8.143458e-003
1.911999999999933e+000	8.191951e-003
1.912999999999933e+000	8.240602e-003
1.913999999999932e+000	8.289413e-003
1.914999999999932e+000	8.338382e-003
1.915999999999932e+000	8.387511e-003
1.916999999999932e+000	8.436798e-003
1.917999999999932e+000	8.486244e-003
1.918999999999932e+000	8.535848e-003
1.919999999999932e+000	8.585611e-003
1.920999999999932e+000	8.635532e-003
1.921999999999932e+000	8.685612e-003
1.922999999999931e+000	8.735850e-003
1.923999999999931e+000	8.786247e-003
1.924999999999931e+000	8.836802e-003
1.925999999999931e+000	8.887515e-003
1.926999999999931e+000	8.938387e-003
1.927999999999931e+000	8.989416e-003
1.928999999999931e+000	9.040603e-003
1.929999999999931e+000	9.091949e-003
1.930999999999931e+000	9.143452e-003
1.931999999999930e+000	9.195113e-003
1.932999999999930e+000	9.246931e-003
1.933999999999930e+000	9.298908e-003
1.934999999999930e+000	9.351042e-003
1.935999999999930e+000	9.403333e-003
1.936999999999930e+000	9.455782e-003
1.937999999999930e+000	9.508389e-003
1.938999999999930e+000	9.561153e-003
1.939999999999930e+000	9.614074e-003
1.940999999999929e+000	9.667152e-003
1.941999999999929e+000	9.720387e-003
1.942999999999929e+000	9.773780e-003
1.943999999999929e+000	9.827329e-003
1.944999999999929e+000	9.881035e-003
1.945999999999929e+000	9.934898e-003
1.946999999999929e+000	9.988919e-003
1.947999999999929e+000	1.004310e-002
1.948999999999929e+000	1.009743e-002
1.949999999999929e+000	1.015192e-002
1.950999999999928e+000	1.020657e-002
1.951999999999928e+000	1.026137e-002
1.952999999999928e+000	1.031633e-002
1.953999999999928e+000	1.037144e-002
1.954999999999928e+000	1.042671e-002
1.955999999999928e+000	1.048214e-002
1.956999999999928e+000	1.053773e-002
1.957999999999928e+000	1.059347e-002
1.958999999999928e+000	1.064936e-002
1.959999999999927e+000	1.070541e-002
1.960999999999927e+000	1.076162e-002
1.961999999999927e+000	1.081798e-002
1.962999999999927e+000	1.087450e-002
1.963999999999927e+000	1.093118e-002
1.964999999999927e+000	1.098801e-002
1.965999999999927e+000	1.104499e-002
1.966999999999927e+000	1.110213e-002
1.967999999999927e+000	1.115943e-002
1.968999999999926e+000	1.121688e-002
1.969999999999926e+000	1.127448e-002
1.970999999999926e+000	1.133224e-002
1.971999999999926e+000	1.139016e-002
1.972999999999926e+000	1.144823e-002
1.973999999999926e+000	1.150646e-002
1.974999999999926e+000	1.156483e-002
1.975999999999926e+000	1.162337e-002
1.976999999999926e+000	1.168206e-002
1.977999999999925e+000	1.174090e-002
1.978999999999925e+000	1.179990e-002
1.979999999999925e+000	1.185905e-002
1.980999999999925e+000	1.191836e-002
1.981999999999925e+000	1.197782e-002
1.982999999999925e+000	1.203744e-002
1.983999999999925e+000	1.209721e-002
1.984999999999925e+000	1.215713e-002
1.985999999999925e+000	1.221721e-002
1.986999999999924e+000	1.227744e-002
1.987999999999924e+000	1.233782e-002
1.988999999999924e+000	1.239836e-002
1.989999999999924e+000	1.245905e-002
1.990999999999924e+000	1.251990e-002
1.991999999999924e+000	1.258089e-002
1.992999999999924e+000	1.264204e-002
1.993999999999924e+000	1.270335e-002
1.994999999999924e+000	1.276481e-002
1.995999999999923e+000	1.282642e-002
1.996999999999923e+000	1.288818e-002
1.997999999999923e+000	1.295010e-002
1.998999999999923e+000	1.301217e-002
1.999999999999923e+000	1.307439e-002
2.000999999999923e+000	1.313677e-002
2.001999999999923e+000	1.319930e-002
2.002999999999923e+000	1.326198e-002
2.003999999999923e+000	1.332481e-002
2.004999999999923e+000	1.338780e-002
2.005999999999923e+000	1.345093e-002
2.006999999999922e+000	1.351422e-002
2.007999999999922e+000	1.357767e-002
2.008999999999922e+000	1.364126e-002
2.009999999999922e+000	1.370501e-002
2.010999999999922e+000	1.376891e-002
2.011999999999922e+000	1.383296e-002
2.012999999999922e+000	1.389716e-002
2.013999999999922e+000	1.396151e-002
2.014999999999922e+000	1.402602e-002
2.015999999999921e+000	1.409067e-002
2.016999999999921e+000	1.415548e-002
2.017999999999921e+000	1.422044e-002
2.018999999999921e+000	1.428555e-002
2.019999999999921e+000	1.435081e-002
2.020999999999921e+000	1.441623e-002
2.021999999999921e+000	1.448179e-002
2.022999999999921e+000	1.454751e-002
2.023999999999921e+000	1.461337e-002
2.024999999999920e+000	1.467939e-002
2.025999999999920e+000	1.474556e-002
2.026999999999920e+000	1.481188e-002
2.027999999999920e+000	1.487835e-002
2.028999999999920e+000	1.494497e-002
2.029999999999920e+000	1.501174e-002
2.030999999999920e+000	1.507866e-002
2.031999999999920e+000	1.514573e-002
2.032999999999920e+000	1.521295e-002
2.033999999999919e+000	1.528032e-002
2.034999999999919e+000	1.534784e-002
2.035999999999919e+000	1.541551e-002
2.036999999999919e+000	1.548333e-002
2.037999999999919e+000	1.555131e-002
2.038999999999919e+000	1.561943e-002
2.039999999999919e+000	1.568770e-002
2.040999999999919e+000	1.575612e-002
2.041999999999919e+000	1.582469e-002
2.042999999999918e+000	1.589341e-002
2.043999999999918e+000	1.596228e-002
2.044999999999918e+000	1.603129e-002
2.045999999999918e+000	1.610046e-002
2.046999999999918e+000	1.616978e-002
2.047999999999918e+000	1.623924e-002
2.048999999999918e+000	1.630886e-002
2.049999999999918e+000	1.637862e-002
2.050999999999918e+000	1.644853e-002
2.051999999999917e+000	1.651859e-002
2.052999999999917e+000	1.658881e-002
2.053999999999917e+000	1.665916e-002
2.054999999999917e+000	1.672967e-002
2.055999999999917e+000	1.680033e-002
2.056999999999917e+000	1.687113e-002
2.057999999999917e+000	1.694208e-002
2.058999999999917e+000	1.701318e-002
2.059999999999917e+000	1.708443e-002
2.060999999999917e+000	1.715583e-002
2.061999999999916e+000	1.722738e-002
2.062999999999916e+000	1.729907e-002
2.063999999999916e+000	1.737091e-002
2.064999999999916e+000	1.744290e-002
2.065999999999916e+000	1.751504e-002
2.066999999999916e+000	1.758732e-002
2.067999999999916e+000	1.765975e-002
2.068999999999916e+000	1.773233e-002
2.069999999999916e+000	1.780506e-002
2.070999999999915e+000	1.787793e-002
2.071999999999915e+000	1.795095e-002
2.072999999999915e+000	1.802412e-002
2.073999999999915e+000	1.809744e-002
2.074999999999915e+000	1.817090e-002
2.075999999999915e+000	1.824451e-002
2.076999999999915e+000	1.831827e-002
2.077999999999915e+000	1.839217e-002
2.078999999999915e+000	1.846622e-002
2.079999999999914e+000	1.854042e-002
2.080999999999914e+000	1.861477e-002
2.081999999999914e+000	1.868926e-002
2.082999999999914e+000	1.876390e-002
2.083999999999914e+000	1.883868e-002
2.084999999999914e+000	1.891361e-002
2.085999999999914e+000	1.898869e-002
2.086999999999914e+000	1.906391e-002
2.087999999999914e+000	1.913928e-002
2.088999999999913e+000	1.921479e-002
2.089999999999913e+000	1.929045e-002
2.090999999999913e+000	1.936626e-002
2.091999999999913e+000	1.944222e-002
2.092999999999913e+000	1.951831e-002
2.093999999999913e+000	1.959456e-002
2.094999999999913e+000	1.967095e-002
2.095999999999913e+000	1.974749e-002
2.096999999999913e+000	1.982417e-002
2.097999999999912e+000	1.990099e-002
2.098999999999912e+000	1.997797e-002
2.100000000000000e+000	2.005509e-002
