vin	V(be)	Ic(Q1)
0.000000000000000e+000	1.114460e-009	5.091875e-012
5.000000000000000e-003	5.000001e-003	5.092920e-012
1.000000000000000e-002	1.000000e-002	5.093964e-012
1.500000000000000e-002	1.500000e-002	5.097099e-012
2.000000000000000e-002	2.000000e-002	5.101279e-012
2.500000000000000e-002	2.500000e-002	5.108593e-012
3.000000000000000e-002	3.000000e-002	5.116952e-012
3.500000000000000e-002	3.500000e-002	5.129491e-012
4.000000000000000e-002	4.000000e-002	5.145166e-012
4.500000000000000e-002	4.500000e-002	5.165019e-012
5.000000000000000e-002	5.000000e-002	5.191142e-012
5.499999999999999e-002	5.500000e-002	5.223534e-012
5.999999999999999e-002	6.000000e-002	5.263241e-012
6.499999999999999e-002	6.500000e-002	5.311307e-012
6.999999999999999e-002	7.000000e-002	5.372957e-012
7.500000000000000e-002	7.500000e-002	5.447146e-012
8.000000000000000e-002	8.000000e-002	5.538054e-012
8.500000000000001e-002	8.500000e-002	5.649859e-012
9.000000000000001e-002	9.000000e-002	5.785699e-012
9.500000000000002e-002	9.500000e-002	5.952885e-012
1.000000000000000e-001	1.000000e-001	6.153509e-012
1.050000000000000e-001	1.050000e-001	6.400109e-012
1.100000000000000e-001	1.100000e-001	6.698955e-012
1.150000000000000e-001	1.150000e-001	7.062586e-012
1.200000000000000e-001	1.200000e-001	7.502495e-012
1.250000000000000e-001	1.250000e-001	8.037493e-012
1.300000000000000e-001	1.300000e-001	8.686385e-012
1.350000000000000e-001	1.350000e-001	9.473207e-012
1.400000000000000e-001	1.400000e-001	1.042617e-011
1.450000000000001e-001	1.450000e-001	1.158394e-011
1.500000000000001e-001	1.500000e-001	1.298412e-011
1.550000000000001e-001	1.550000e-001	1.468316e-011
1.600000000000001e-001	1.600000e-001	1.674060e-011
1.650000000000001e-001	1.650000e-001	1.923377e-011
1.700000000000001e-001	1.700000e-001	2.225462e-011
1.750000000000001e-001	1.750000e-001	2.591391e-011
1.800000000000001e-001	1.800000e-001	3.034644e-011
1.850000000000001e-001	1.850000e-001	3.571627e-011
1.900000000000001e-001	1.900000e-001	4.222087e-011
1.950000000000001e-001	1.950000e-001	5.009849e-011
2.000000000000001e-001	2.000000e-001	5.964066e-011
2.050000000000001e-001	2.050000e-001	7.119847e-011
2.100000000000001e-001	2.100000e-001	8.519616e-011
2.150000000000001e-001	2.150000e-001	1.021499e-010
2.200000000000001e-001	2.200000e-001	1.226846e-010
2.250000000000001e-001	2.250000e-001	1.475546e-010
2.300000000000001e-001	2.300000e-001	1.776754e-010
2.350000000000001e-001	2.350000e-001	2.141544e-010
2.400000000000001e-001	2.400000e-001	2.583366e-010
2.450000000000001e-001	2.450000e-001	3.118457e-010
2.500000000000001e-001	2.500000e-001	3.766503e-010
2.550000000000001e-001	2.550000e-001	4.551371e-010
2.600000000000001e-001	2.600000e-001	5.501921e-010
2.650000000000001e-001	2.650000e-001	6.653136e-010
2.700000000000001e-001	2.700000e-001	8.047367e-010
2.750000000000001e-001	2.750000e-001	9.735930e-010
2.800000000000001e-001	2.800000e-001	1.178092e-009
2.850000000000001e-001	2.850000e-001	1.425763e-009
2.900000000000002e-001	2.900000e-001	1.725714e-009
2.950000000000002e-001	2.950000e-001	2.088983e-009
3.000000000000002e-001	3.000000e-001	2.528936e-009
3.050000000000002e-001	3.050000e-001	3.061760e-009
3.100000000000002e-001	3.100000e-001	3.707057e-009
3.150000000000002e-001	3.150000e-001	4.488572e-009
3.200000000000002e-001	3.200000e-001	5.435056e-009
3.250000000000002e-001	3.250000e-001	6.581335e-009
3.300000000000002e-001	3.300000e-001	7.969581e-009
3.350000000000002e-001	3.350000e-001	9.650871e-009
3.400000000000002e-001	3.400000e-001	1.168706e-008
3.450000000000002e-001	3.450000e-001	1.415307e-008
3.500000000000002e-001	3.500000e-001	1.713962e-008
3.550000000000002e-001	3.550000e-001	2.075659e-008
3.600000000000002e-001	3.600000e-001	2.513706e-008
3.650000000000002e-001	3.650000e-001	3.044217e-008
3.700000000000002e-001	3.700000e-001	3.686711e-008
3.750000000000002e-001	3.750000e-001	4.464825e-008
3.800000000000002e-001	3.800000e-001	5.407183e-008
3.850000000000002e-001	3.849999e-001	6.548453e-008
3.900000000000002e-001	3.899999e-001	7.930619e-008
3.950000000000002e-001	3.949999e-001	9.604525e-008
4.000000000000002e-001	3.999999e-001	1.163174e-007
4.050000000000003e-001	4.049999e-001	1.408684e-007
4.100000000000003e-001	4.099998e-001	1.706012e-007
4.150000000000003e-001	4.149998e-001	2.066093e-007
4.200000000000003e-001	4.199998e-001	2.502169e-007
4.250000000000003e-001	4.249997e-001	3.030275e-007
4.300000000000003e-001	4.299997e-001	3.669829e-007
4.350000000000003e-001	4.349996e-001	4.444341e-007
4.400000000000003e-001	4.399996e-001	5.382281e-007
4.450000000000003e-001	4.449995e-001	6.518113e-007
4.500000000000003e-001	4.499994e-001	7.893569e-007
4.550000000000003e-001	4.549992e-001	9.559166e-007
4.600000000000003e-001	4.599991e-001	1.157605e-006
4.650000000000003e-001	4.649989e-001	1.401825e-006
4.700000000000003e-001	4.699987e-001	1.697532e-006
4.750000000000003e-001	4.749984e-001	2.055567e-006
4.800000000000003e-001	4.799981e-001	2.489041e-006
4.850000000000003e-001	4.849977e-001	3.013816e-006
4.900000000000003e-001	4.899972e-001	3.649071e-006
4.950000000000003e-001	4.949967e-001	4.417989e-006
5.000000000000003e-001	4.999960e-001	5.348584e-006
5.050000000000003e-001	5.049952e-001	6.474691e-006
5.100000000000003e-001	5.099941e-001	7.837149e-006
5.150000000000004e-001	5.149929e-001	9.485222e-006
5.200000000000004e-001	5.199915e-001	1.147828e-005
5.250000000000004e-001	5.249897e-001	1.388779e-005
5.300000000000004e-001	5.299875e-001	1.679970e-005
5.350000000000004e-001	5.349849e-001	2.031720e-005
5.400000000000004e-001	5.399818e-001	2.456393e-005
5.450000000000004e-001	5.449780e-001	2.968773e-005
5.500000000000004e-001	5.499734e-001	3.586489e-005
5.550000000000004e-001	5.549678e-001	4.330491e-005
5.600000000000004e-001	5.599611e-001	5.225576e-005
5.650000000000004e-001	5.649529e-001	6.300951e-005
5.700000000000004e-001	5.699431e-001	7.590806e-005
5.750000000000004e-001	5.749312e-001	9.134876e-005
5.800000000000004e-001	5.799169e-001	1.097892e-004
5.850000000000004e-001	5.848995e-001	1.317503e-004
5.900000000000004e-001	5.898786e-001	1.578172e-004
5.950000000000004e-001	5.948533e-001	1.886357e-004
6.000000000000004e-001	5.995123e-001	2.143557e-004
6.050000000000004e-001	6.033925e-001	2.159922e-004
6.100000000000004e-001	6.071423e-001	2.165731e-004
6.150000000000004e-001	6.107653e-001	2.169055e-004
6.200000000000004e-001	6.142579e-001	2.171263e-004
6.250000000000004e-001	6.176174e-001	2.172845e-004
6.300000000000005e-001	6.208428e-001	2.174033e-004
6.350000000000005e-001	6.239346e-001	2.174953e-004
6.400000000000005e-001	6.268948e-001	2.175683e-004
6.450000000000005e-001	6.297261e-001	2.176271e-004
6.500000000000005e-001	6.324323e-001	2.176753e-004
6.550000000000005e-001	6.350181e-001	2.177153e-004
6.600000000000005e-001	6.374884e-001	2.177488e-004
6.650000000000005e-001	6.398484e-001	2.177770e-004
6.700000000000005e-001	6.421037e-001	2.178011e-004
6.750000000000005e-001	6.442597e-001	2.178218e-004
6.800000000000005e-001	6.463218e-001	2.178396e-004
6.850000000000005e-001	6.482955e-001	2.178551e-004
6.900000000000005e-001	6.501857e-001	2.178686e-004
6.950000000000005e-001	6.519974e-001	2.178804e-004
7.000000000000005e-001	6.537355e-001	2.178908e-004
7.050000000000005e-001	6.554041e-001	2.179001e-004
7.100000000000005e-001	6.570075e-001	2.179083e-004
7.150000000000005e-001	6.585497e-001	2.179155e-004
7.200000000000005e-001	6.600342e-001	2.179220e-004
7.250000000000005e-001	6.614645e-001	2.179279e-004
7.300000000000005e-001	6.628438e-001	2.179331e-004
7.350000000000005e-001	6.641750e-001	2.179378e-004
7.400000000000006e-001	6.654609e-001	2.179421e-004
7.450000000000006e-001	6.667041e-001	2.179459e-004
7.500000000000006e-001	6.679069e-001	2.179494e-004
7.550000000000006e-001	6.690717e-001	2.179525e-004
7.600000000000006e-001	6.702005e-001	2.179553e-004
7.650000000000006e-001	6.712951e-001	2.179579e-004
7.700000000000006e-001	6.723574e-001	2.179603e-004
7.750000000000006e-001	6.733892e-001	2.179624e-004
7.800000000000006e-001	6.743919e-001	2.179644e-004
7.850000000000006e-001	6.753669e-001	2.179661e-004
7.900000000000006e-001	6.763158e-001	2.179677e-004
7.950000000000006e-001	6.772397e-001	2.179692e-004
8.000000000000006e-001	6.781398e-001	2.179705e-004
8.050000000000006e-001	6.790173e-001	2.179717e-004
8.100000000000006e-001	6.798732e-001	2.179728e-004
8.150000000000006e-001	6.807084e-001	2.179738e-004
8.200000000000006e-001	6.815239e-001	2.179747e-004
8.250000000000006e-001	6.823206e-001	2.179755e-004
8.300000000000006e-001	6.830993e-001	2.179762e-004
8.350000000000006e-001	6.838607e-001	2.179769e-004
8.400000000000006e-001	6.846056e-001	2.179774e-004
8.450000000000006e-001	6.853346e-001	2.179780e-004
8.500000000000006e-001	6.860484e-001	2.179784e-004
8.550000000000007e-001	6.867476e-001	2.179788e-004
8.600000000000007e-001	6.874327e-001	2.179791e-004
8.650000000000007e-001	6.881043e-001	2.179794e-004
8.700000000000007e-001	6.887630e-001	2.179797e-004
8.750000000000007e-001	6.894091e-001	2.179799e-004
8.800000000000007e-001	6.900432e-001	2.179801e-004
8.850000000000007e-001	6.906657e-001	2.179802e-004
8.900000000000007e-001	6.912770e-001	2.179803e-004
8.950000000000007e-001	6.918775e-001	2.179803e-004
9.000000000000007e-001	6.924676e-001	2.179803e-004
9.050000000000007e-001	6.930476e-001	2.179803e-004
9.100000000000007e-001	6.936179e-001	2.179803e-004
9.150000000000007e-001	6.941788e-001	2.179802e-004
9.200000000000007e-001	6.947306e-001	2.179802e-004
9.250000000000007e-001	6.952735e-001	2.179801e-004
9.300000000000007e-001	6.958079e-001	2.179799e-004
9.350000000000007e-001	6.963341e-001	2.179798e-004
9.400000000000007e-001	6.968523e-001	2.179796e-004
9.450000000000007e-001	6.973627e-001	2.179794e-004
9.500000000000007e-001	6.978656e-001	2.179792e-004
9.550000000000007e-001	6.983612e-001	2.179790e-004
9.600000000000007e-001	6.988497e-001	2.179787e-004
9.650000000000008e-001	6.993313e-001	2.179785e-004
9.700000000000008e-001	6.998063e-001	2.179782e-004
9.750000000000008e-001	7.002747e-001	2.179779e-004
9.800000000000008e-001	7.007368e-001	2.179776e-004
9.850000000000008e-001	7.011928e-001	2.179773e-004
9.900000000000008e-001	7.016428e-001	2.179770e-004
9.950000000000008e-001	7.020870e-001	2.179766e-004
1.000000000000001e+000	7.025255e-001	2.179763e-004
1.005000000000001e+000	7.029585e-001	2.179759e-004
1.010000000000001e+000	7.033861e-001	2.179756e-004
1.015000000000000e+000	7.038085e-001	2.179752e-004
1.020000000000000e+000	7.042259e-001	2.179748e-004
1.025000000000000e+000	7.046382e-001	2.179744e-004
1.030000000000000e+000	7.050457e-001	2.179740e-004
1.035000000000000e+000	7.054485e-001	2.179736e-004
1.040000000000000e+000	7.058466e-001	2.179731e-004
1.045000000000000e+000	7.062403e-001	2.179727e-004
1.050000000000000e+000	7.066295e-001	2.179723e-004
1.055000000000000e+000	7.070145e-001	2.179718e-004
1.059999999999999e+000	7.073953e-001	2.179714e-004
1.064999999999999e+000	7.077719e-001	2.179709e-004
1.069999999999999e+000	7.081445e-001	2.179705e-004
1.074999999999999e+000	7.085133e-001	2.179700e-004
1.079999999999999e+000	7.088782e-001	2.179695e-004
1.084999999999999e+000	7.092394e-001	2.179690e-004
1.089999999999999e+000	7.095969e-001	2.179686e-004
1.094999999999999e+000	7.099507e-001	2.179681e-004
1.099999999999999e+000	7.103012e-001	2.179676e-004
1.104999999999998e+000	7.106481e-001	2.179671e-004
1.109999999999998e+000	7.109917e-001	2.179666e-004
1.114999999999998e+000	7.113321e-001	2.179661e-004
1.119999999999998e+000	7.116691e-001	2.179655e-004
1.124999999999998e+000	7.120031e-001	2.179650e-004
1.129999999999998e+000	7.123339e-001	2.179645e-004
1.134999999999998e+000	7.126617e-001	2.179640e-004
1.139999999999998e+000	7.129866e-001	2.179634e-004
1.144999999999998e+000	7.133085e-001	2.179629e-004
1.149999999999998e+000	7.136275e-001	2.179624e-004
1.154999999999997e+000	7.139438e-001	2.179618e-004
1.159999999999997e+000	7.142573e-001	2.179613e-004
1.164999999999997e+000	7.145681e-001	2.179608e-004
1.169999999999997e+000	7.148762e-001	2.179602e-004
1.174999999999997e+000	7.151818e-001	2.179597e-004
1.179999999999997e+000	7.154848e-001	2.179591e-004
1.184999999999997e+000	7.157853e-001	2.179586e-004
1.189999999999997e+000	7.160833e-001	2.179580e-004
1.194999999999997e+000	7.163790e-001	2.179574e-004
1.199999999999996e+000	7.166722e-001	2.179569e-004
1.204999999999996e+000	7.169632e-001	2.179563e-004
1.209999999999996e+000	7.172518e-001	2.179557e-004
1.214999999999996e+000	7.175382e-001	2.179552e-004
1.219999999999996e+000	7.178224e-001	2.179546e-004
1.224999999999996e+000	7.181044e-001	2.179540e-004
1.229999999999996e+000	7.183842e-001	2.179534e-004
1.234999999999996e+000	7.186620e-001	2.179529e-004
1.239999999999996e+000	7.189377e-001	2.179523e-004
1.244999999999995e+000	7.192113e-001	2.179517e-004
1.249999999999995e+000	7.194830e-001	2.179511e-004
1.254999999999995e+000	7.197527e-001	2.179505e-004
1.259999999999995e+000	7.200205e-001	2.179499e-004
1.264999999999995e+000	7.202863e-001	2.179494e-004
1.269999999999995e+000	7.205503e-001	2.179488e-004
1.274999999999995e+000	7.208124e-001	2.179482e-004
1.279999999999995e+000	7.210728e-001	2.179476e-004
1.284999999999995e+000	7.213314e-001	2.179470e-004
1.289999999999995e+000	7.215881e-001	2.179464e-004
1.294999999999994e+000	7.218432e-001	2.179458e-004
1.299999999999994e+000	7.220965e-001	2.179452e-004
1.304999999999994e+000	7.223482e-001	2.179446e-004
1.309999999999994e+000	7.225982e-001	2.179440e-004
1.314999999999994e+000	7.228466e-001	2.179434e-004
1.319999999999994e+000	7.230934e-001	2.179428e-004
1.324999999999994e+000	7.233385e-001	2.179422e-004
1.329999999999994e+000	7.235822e-001	2.179416e-004
1.334999999999994e+000	7.238243e-001	2.179410e-004
1.339999999999993e+000	7.240649e-001	2.179404e-004
1.344999999999993e+000	7.243040e-001	2.179398e-004
1.349999999999993e+000	7.245416e-001	2.179392e-004
1.354999999999993e+000	7.247778e-001	2.179386e-004
1.359999999999993e+000	7.250125e-001	2.179380e-004
1.364999999999993e+000	7.252458e-001	2.179373e-004
1.369999999999993e+000	7.254778e-001	2.179367e-004
1.374999999999993e+000	7.257083e-001	2.179361e-004
1.379999999999993e+000	7.259375e-001	2.179355e-004
1.384999999999993e+000	7.261654e-001	2.179349e-004
1.389999999999992e+000	7.263920e-001	2.179343e-004
1.394999999999992e+000	7.266172e-001	2.179337e-004
1.399999999999992e+000	7.268412e-001	2.179330e-004
1.404999999999992e+000	7.270639e-001	2.179324e-004
1.409999999999992e+000	7.272854e-001	2.179318e-004
1.414999999999992e+000	7.275056e-001	2.179312e-004
1.419999999999992e+000	7.277246e-001	2.179306e-004
1.424999999999992e+000	7.279424e-001	2.179299e-004
1.429999999999992e+000	7.281590e-001	2.179293e-004
1.434999999999991e+000	7.283745e-001	2.179287e-004
1.439999999999991e+000	7.285888e-001	2.179281e-004
1.444999999999991e+000	7.288019e-001	2.179275e-004
1.449999999999991e+000	7.290139e-001	2.179268e-004
1.454999999999991e+000	7.292249e-001	2.179262e-004
1.459999999999991e+000	7.294347e-001	2.179256e-004
1.464999999999991e+000	7.296434e-001	2.179250e-004
1.469999999999991e+000	7.298510e-001	2.179244e-004
1.474999999999991e+000	7.300576e-001	2.179237e-004
1.479999999999990e+000	7.302632e-001	2.179231e-004
1.484999999999990e+000	7.304677e-001	2.179225e-004
1.489999999999990e+000	7.306712e-001	2.179219e-004
1.494999999999990e+000	7.308736e-001	2.179212e-004
1.499999999999990e+000	7.310751e-001	2.179206e-004
1.504999999999990e+000	7.312756e-001	2.179200e-004
1.509999999999990e+000	7.314751e-001	2.179194e-004
1.514999999999990e+000	7.316737e-001	2.179187e-004
1.519999999999990e+000	7.318712e-001	2.179181e-004
1.524999999999990e+000	7.320679e-001	2.179175e-004
1.529999999999989e+000	7.322636e-001	2.179169e-004
1.534999999999989e+000	7.324584e-001	2.179162e-004
1.539999999999989e+000	7.326523e-001	2.179156e-004
1.544999999999989e+000	7.328453e-001	2.179150e-004
1.549999999999989e+000	7.330374e-001	2.179143e-004
1.554999999999989e+000	7.332286e-001	2.179137e-004
1.559999999999989e+000	7.334190e-001	2.179131e-004
1.564999999999989e+000	7.336085e-001	2.179125e-004
1.569999999999989e+000	7.337971e-001	2.179118e-004
1.574999999999988e+000	7.339849e-001	2.179112e-004
1.579999999999988e+000	7.341719e-001	2.179106e-004
1.584999999999988e+000	7.343580e-001	2.179099e-004
1.589999999999988e+000	7.345433e-001	2.179093e-004
1.594999999999988e+000	7.347278e-001	2.179087e-004
1.599999999999988e+000	7.349115e-001	2.179080e-004
1.604999999999988e+000	7.350944e-001	2.179074e-004
1.609999999999988e+000	7.352766e-001	2.179068e-004
1.614999999999988e+000	7.354580e-001	2.179062e-004
1.619999999999988e+000	7.356386e-001	2.179055e-004
1.624999999999987e+000	7.358184e-001	2.179049e-004
1.629999999999987e+000	7.359975e-001	2.179042e-004
1.634999999999987e+000	7.361758e-001	2.179036e-004
1.639999999999987e+000	7.363535e-001	2.179030e-004
1.644999999999987e+000	7.365303e-001	2.179024e-004
1.649999999999987e+000	7.367065e-001	2.179017e-004
1.654999999999987e+000	7.368819e-001	2.179011e-004
1.659999999999987e+000	7.370567e-001	2.179005e-004
1.664999999999987e+000	7.372307e-001	2.178998e-004
1.669999999999986e+000	7.374040e-001	2.178992e-004
1.674999999999986e+000	7.375767e-001	2.178986e-004
1.679999999999986e+000	7.377487e-001	2.178979e-004
1.684999999999986e+000	7.379200e-001	2.178973e-004
1.689999999999986e+000	7.380907e-001	2.178967e-004
1.694999999999986e+000	7.382606e-001	2.178960e-004
1.699999999999986e+000	7.384300e-001	2.178954e-004
1.704999999999986e+000	7.385987e-001	2.178948e-004
1.709999999999986e+000	7.387667e-001	2.178942e-004
1.714999999999985e+000	7.389342e-001	2.178935e-004
1.719999999999985e+000	7.391009e-001	2.178929e-004
1.724999999999985e+000	7.392671e-001	2.178922e-004
1.729999999999985e+000	7.394326e-001	2.178916e-004
1.734999999999985e+000	7.395976e-001	2.178910e-004
1.739999999999985e+000	7.397619e-001	2.178904e-004
1.744999999999985e+000	7.399256e-001	2.178897e-004
1.749999999999985e+000	7.400887e-001	2.178891e-004
1.754999999999985e+000	7.402512e-001	2.178885e-004
1.759999999999985e+000	7.404132e-001	2.178878e-004
1.764999999999984e+000	7.405746e-001	2.178872e-004
1.769999999999984e+000	7.407354e-001	2.178866e-004
1.774999999999984e+000	7.408956e-001	2.178859e-004
1.779999999999984e+000	7.410553e-001	2.178853e-004
1.784999999999984e+000	7.412144e-001	2.178847e-004
1.789999999999984e+000	7.413730e-001	2.178840e-004
1.794999999999984e+000	7.415310e-001	2.178834e-004
1.799999999999984e+000	7.416884e-001	2.178828e-004
1.804999999999984e+000	7.418454e-001	2.178821e-004
1.809999999999983e+000	7.420018e-001	2.178815e-004
1.814999999999983e+000	7.421576e-001	2.178809e-004
1.819999999999983e+000	7.423130e-001	2.178802e-004
1.824999999999983e+000	7.424678e-001	2.178796e-004
1.829999999999983e+000	7.426221e-001	2.178790e-004
1.834999999999983e+000	7.427759e-001	2.178783e-004
1.839999999999983e+000	7.429292e-001	2.178777e-004
1.844999999999983e+000	7.430819e-001	2.178771e-004
1.849999999999983e+000	7.432342e-001	2.178764e-004
1.854999999999982e+000	7.433860e-001	2.178758e-004
1.859999999999982e+000	7.435373e-001	2.178752e-004
1.864999999999982e+000	7.436881e-001	2.178745e-004
1.869999999999982e+000	7.438384e-001	2.178739e-004
1.874999999999982e+000	7.439882e-001	2.178733e-004
1.879999999999982e+000	7.441376e-001	2.178727e-004
1.884999999999982e+000	7.442865e-001	2.178720e-004
1.889999999999982e+000	7.444350e-001	2.178714e-004
1.894999999999982e+000	7.445829e-001	2.178708e-004
1.899999999999982e+000	7.447304e-001	2.178701e-004
1.904999999999981e+000	7.448775e-001	2.178695e-004
1.909999999999981e+000	7.450240e-001	2.178689e-004
1.914999999999981e+000	7.451702e-001	2.178682e-004
1.919999999999981e+000	7.453159e-001	2.178676e-004
1.924999999999981e+000	7.454612e-001	2.178670e-004
1.929999999999981e+000	7.456060e-001	2.178663e-004
1.934999999999981e+000	7.457504e-001	2.178657e-004
1.939999999999981e+000	7.458943e-001	2.178651e-004
1.944999999999981e+000	7.460378e-001	2.178644e-004
1.949999999999980e+000	7.461810e-001	2.178638e-004
1.954999999999980e+000	7.463236e-001	2.178632e-004
1.959999999999980e+000	7.464659e-001	2.178626e-004
1.964999999999980e+000	7.466077e-001	2.178619e-004
1.969999999999980e+000	7.467492e-001	2.178613e-004
1.974999999999980e+000	7.468902e-001	2.178607e-004
1.979999999999980e+000	7.470309e-001	2.178600e-004
1.984999999999980e+000	7.471710e-001	2.178594e-004
1.989999999999980e+000	7.473109e-001	2.178588e-004
1.994999999999980e+000	7.474503e-001	2.178581e-004
1.999999999999979e+000	7.475893e-001	2.178575e-004
2.004999999999980e+000	7.477279e-001	2.178569e-004
2.009999999999979e+000	7.478662e-001	2.178563e-004
2.014999999999979e+000	7.480041e-001	2.178556e-004
2.019999999999979e+000	7.481415e-001	2.178550e-004
2.024999999999979e+000	7.482787e-001	2.178544e-004
2.029999999999979e+000	7.484154e-001	2.178537e-004
2.034999999999979e+000	7.485517e-001	2.178531e-004
2.039999999999979e+000	7.486877e-001	2.178525e-004
2.044999999999979e+000	7.488233e-001	2.178518e-004
2.049999999999979e+000	7.489586e-001	2.178512e-004
2.054999999999978e+000	7.490935e-001	2.178506e-004
2.059999999999978e+000	7.492279e-001	2.178500e-004
2.064999999999978e+000	7.493621e-001	2.178493e-004
2.069999999999978e+000	7.494959e-001	2.178487e-004
2.074999999999978e+000	7.496294e-001	2.178481e-004
2.079999999999978e+000	7.497625e-001	2.178475e-004
2.084999999999978e+000	7.498953e-001	2.178468e-004
2.089999999999978e+000	7.500277e-001	2.178462e-004
2.094999999999978e+000	7.501597e-001	2.178456e-004
2.099999999999977e+000	7.502915e-001	2.178449e-004
2.104999999999977e+000	7.504228e-001	2.178443e-004
2.109999999999977e+000	7.505539e-001	2.178437e-004
2.114999999999977e+000	7.506846e-001	2.178431e-004
2.119999999999977e+000	7.508150e-001	2.178424e-004
2.124999999999977e+000	7.509450e-001	2.178418e-004
2.129999999999977e+000	7.510748e-001	2.178412e-004
2.134999999999977e+000	7.512042e-001	2.178406e-004
2.139999999999977e+000	7.513333e-001	2.178399e-004
2.144999999999977e+000	7.514620e-001	2.178393e-004
2.149999999999976e+000	7.515905e-001	2.178387e-004
2.154999999999976e+000	7.517186e-001	2.178380e-004
2.159999999999976e+000	7.518464e-001	2.178374e-004
2.164999999999976e+000	7.519739e-001	2.178368e-004
2.169999999999976e+000	7.521011e-001	2.178362e-004
2.174999999999976e+000	7.522280e-001	2.178355e-004
2.179999999999976e+000	7.523546e-001	2.178349e-004
2.184999999999976e+000	7.524809e-001	2.178343e-004
2.189999999999976e+000	7.526068e-001	2.178337e-004
2.194999999999975e+000	7.527325e-001	2.178330e-004
2.199999999999975e+000	7.528579e-001	2.178324e-004
2.204999999999975e+000	7.529829e-001	2.178318e-004
2.209999999999975e+000	7.531077e-001	2.178312e-004
2.214999999999975e+000	7.532322e-001	2.178305e-004
2.219999999999975e+000	7.533564e-001	2.178299e-004
2.224999999999975e+000	7.534803e-001	2.178293e-004
2.229999999999975e+000	7.536039e-001	2.178287e-004
2.234999999999975e+000	7.537273e-001	2.178280e-004
2.239999999999975e+000	7.538503e-001	2.178274e-004
2.244999999999974e+000	7.539731e-001	2.178268e-004
2.249999999999974e+000	7.540956e-001	2.178262e-004
2.254999999999974e+000	7.542178e-001	2.178255e-004
2.259999999999974e+000	7.543398e-001	2.178249e-004
2.264999999999974e+000	7.544615e-001	2.178243e-004
2.269999999999974e+000	7.545828e-001	2.178237e-004
2.274999999999974e+000	7.547039e-001	2.178230e-004
2.279999999999974e+000	7.548248e-001	2.178224e-004
2.284999999999974e+000	7.549454e-001	2.178218e-004
2.289999999999973e+000	7.550657e-001	2.178212e-004
2.294999999999973e+000	7.551858e-001	2.178205e-004
2.299999999999973e+000	7.553056e-001	2.178199e-004
2.304999999999973e+000	7.554251e-001	2.178193e-004
2.309999999999973e+000	7.555444e-001	2.178187e-004
2.314999999999973e+000	7.556634e-001	2.178181e-004
2.319999999999973e+000	7.557822e-001	2.178174e-004
2.324999999999973e+000	7.559007e-001	2.178168e-004
2.329999999999973e+000	7.560189e-001	2.178162e-004
2.334999999999972e+000	7.561369e-001	2.178156e-004
2.339999999999972e+000	7.562547e-001	2.178149e-004
2.344999999999972e+000	7.563722e-001	2.178143e-004
2.349999999999972e+000	7.564894e-001	2.178137e-004
2.354999999999972e+000	7.566064e-001	2.178131e-004
2.359999999999972e+000	7.567232e-001	2.178125e-004
2.364999999999972e+000	7.568397e-001	2.178118e-004
2.369999999999972e+000	7.569560e-001	2.178112e-004
2.374999999999972e+000	7.570720e-001	2.178106e-004
2.379999999999972e+000	7.571878e-001	2.178100e-004
2.384999999999971e+000	7.573034e-001	2.178094e-004
2.389999999999971e+000	7.574187e-001	2.178087e-004
2.394999999999971e+000	7.575338e-001	2.178081e-004
2.399999999999971e+000	7.576486e-001	2.178075e-004
2.404999999999971e+000	7.577633e-001	2.178069e-004
2.409999999999971e+000	7.578776e-001	2.178063e-004
2.414999999999971e+000	7.579919e-001	2.178056e-004
2.419999999999971e+000	7.581058e-001	2.178050e-004
2.424999999999971e+000	7.582195e-001	2.178044e-004
2.429999999999970e+000	7.583330e-001	2.178038e-004
2.434999999999970e+000	7.584462e-001	2.178032e-004
2.439999999999970e+000	7.585593e-001	2.178025e-004
2.444999999999970e+000	7.586721e-001	2.178019e-004
2.449999999999970e+000	7.587847e-001	2.178013e-004
2.454999999999970e+000	7.588971e-001	2.178007e-004
2.459999999999970e+000	7.590092e-001	2.178001e-004
2.464999999999970e+000	7.591212e-001	2.177994e-004
2.469999999999970e+000	7.592329e-001	2.177988e-004
2.474999999999969e+000	7.593444e-001	2.177982e-004
2.479999999999969e+000	7.594557e-001	2.177976e-004
2.484999999999969e+000	7.595668e-001	2.177970e-004
2.489999999999969e+000	7.596776e-001	2.177963e-004
2.494999999999969e+000	7.597883e-001	2.177957e-004
2.499999999999969e+000	7.598988e-001	2.177951e-004
2.504999999999969e+000	7.600091e-001	2.177945e-004
2.509999999999969e+000	7.601191e-001	2.177939e-004
2.514999999999969e+000	7.602289e-001	2.177933e-004
2.519999999999969e+000	7.603385e-001	2.177926e-004
2.524999999999968e+000	7.604480e-001	2.177920e-004
2.529999999999968e+000	7.605572e-001	2.177914e-004
2.534999999999968e+000	7.606663e-001	2.177908e-004
2.539999999999968e+000	7.607751e-001	2.177902e-004
2.544999999999968e+000	7.608837e-001	2.177896e-004
2.549999999999968e+000	7.609921e-001	2.177889e-004
2.554999999999968e+000	7.611004e-001	2.177883e-004
2.559999999999968e+000	7.612084e-001	2.177877e-004
2.564999999999968e+000	7.613162e-001	2.177871e-004
2.569999999999967e+000	7.614239e-001	2.177865e-004
2.574999999999967e+000	7.615314e-001	2.177859e-004
2.579999999999967e+000	7.616386e-001	2.177852e-004
2.584999999999967e+000	7.617457e-001	2.177846e-004
2.589999999999967e+000	7.618526e-001	2.177840e-004
2.594999999999967e+000	7.619593e-001	2.177834e-004
2.599999999999967e+000	7.620658e-001	2.177828e-004
2.604999999999967e+000	7.621721e-001	2.177822e-004
2.609999999999967e+000	7.622783e-001	2.177815e-004
2.614999999999967e+000	7.623842e-001	2.177809e-004
2.619999999999966e+000	7.624900e-001	2.177803e-004
2.624999999999966e+000	7.625956e-001	2.177797e-004
2.629999999999966e+000	7.627010e-001	2.177791e-004
2.634999999999966e+000	7.628062e-001	2.177785e-004
2.639999999999966e+000	7.629113e-001	2.177779e-004
2.644999999999966e+000	7.630161e-001	2.177772e-004
2.649999999999966e+000	7.631208e-001	2.177766e-004
2.654999999999966e+000	7.632253e-001	2.177760e-004
2.659999999999966e+000	7.633296e-001	2.177754e-004
2.664999999999965e+000	7.634338e-001	2.177748e-004
2.669999999999965e+000	7.635378e-001	2.177742e-004
2.674999999999965e+000	7.636416e-001	2.177736e-004
2.679999999999965e+000	7.637452e-001	2.177729e-004
2.684999999999965e+000	7.638487e-001	2.177723e-004
2.689999999999965e+000	7.639520e-001	2.177717e-004
2.694999999999965e+000	7.640551e-001	2.177711e-004
2.699999999999965e+000	7.641581e-001	2.177705e-004
2.704999999999965e+000	7.642608e-001	2.177699e-004
2.709999999999964e+000	7.643635e-001	2.177693e-004
2.714999999999964e+000	7.644659e-001	2.177687e-004
2.719999999999964e+000	7.645682e-001	2.177680e-004
2.724999999999964e+000	7.646703e-001	2.177674e-004
2.729999999999964e+000	7.647723e-001	2.177668e-004
2.734999999999964e+000	7.648740e-001	2.177662e-004
2.739999999999964e+000	7.649757e-001	2.177656e-004
2.744999999999964e+000	7.650772e-001	2.177650e-004
2.749999999999964e+000	7.651784e-001	2.177644e-004
2.754999999999964e+000	7.652796e-001	2.177638e-004
2.759999999999963e+000	7.653806e-001	2.177632e-004
2.764999999999963e+000	7.654814e-001	2.177625e-004
2.769999999999963e+000	7.655821e-001	2.177619e-004
2.774999999999963e+000	7.656826e-001	2.177613e-004
2.779999999999963e+000	7.657829e-001	2.177607e-004
2.784999999999963e+000	7.658831e-001	2.177601e-004
2.789999999999963e+000	7.659832e-001	2.177595e-004
2.794999999999963e+000	7.660830e-001	2.177589e-004
2.799999999999963e+000	7.661827e-001	2.177583e-004
2.804999999999962e+000	7.662823e-001	2.177577e-004
2.809999999999962e+000	7.663817e-001	2.177570e-004
2.814999999999962e+000	7.664810e-001	2.177564e-004
2.819999999999962e+000	7.665801e-001	2.177558e-004
2.824999999999962e+000	7.666791e-001	2.177552e-004
2.829999999999962e+000	7.667779e-001	2.177546e-004
2.834999999999962e+000	7.668766e-001	2.177540e-004
2.839999999999962e+000	7.669751e-001	2.177534e-004
2.844999999999962e+000	7.670735e-001	2.177528e-004
2.849999999999962e+000	7.671717e-001	2.177522e-004
2.854999999999961e+000	7.672698e-001	2.177516e-004
2.859999999999961e+000	7.673677e-001	2.177509e-004
2.864999999999961e+000	7.674655e-001	2.177503e-004
2.869999999999961e+000	7.675632e-001	2.177497e-004
2.874999999999961e+000	7.676606e-001	2.177491e-004
2.879999999999961e+000	7.677580e-001	2.177485e-004
2.884999999999961e+000	7.678552e-001	2.177479e-004
2.889999999999961e+000	7.679523e-001	2.177473e-004
2.894999999999961e+000	7.680492e-001	2.177467e-004
2.899999999999960e+000	7.681460e-001	2.177461e-004
2.904999999999960e+000	7.682427e-001	2.177455e-004
2.909999999999960e+000	7.683392e-001	2.177448e-004
2.914999999999960e+000	7.684355e-001	2.177443e-004
2.919999999999960e+000	7.685317e-001	2.177436e-004
2.924999999999960e+000	7.686279e-001	2.177430e-004
2.929999999999960e+000	7.687238e-001	2.177424e-004
2.934999999999960e+000	7.688196e-001	2.177418e-004
2.939999999999960e+000	7.689154e-001	2.177412e-004
2.944999999999959e+000	7.690109e-001	2.177406e-004
2.949999999999959e+000	7.691063e-001	2.177400e-004
2.954999999999959e+000	7.692016e-001	2.177394e-004
2.959999999999959e+000	7.692968e-001	2.177388e-004
2.964999999999959e+000	7.693918e-001	2.177382e-004
2.969999999999959e+000	7.694867e-001	2.177376e-004
2.974999999999959e+000	7.695814e-001	2.177370e-004
2.979999999999959e+000	7.696760e-001	2.177363e-004
2.984999999999959e+000	7.697705e-001	2.177358e-004
2.989999999999959e+000	7.698649e-001	2.177351e-004
2.994999999999958e+000	7.699591e-001	2.177345e-004
3.000000000000000e+000	7.700532e-001	2.177339e-004
